id,label
0,fish aquatic pets
1,dogs
2,dogs
3,cats
4,cats
5,cats
6,dogs
7,dogs
8,dogs
9,dogs
10,dogs
11,cats
12,dogs
13,dogs
14,dogs
15,dogs
16,dogs
17,fish aquatic pets
18,dogs
19,dogs
20,dogs
21,dogs
22,dogs
23,dogs
24,cats
25,dogs
26,cats
27,cats
28,cats
29,cats
30,cats
31,cats
32,dogs
33,dogs
34,dogs
35,cats
36,dogs
37,dogs
38,dogs
39,dogs
40,cats
41,cats
42,cats
43,dogs
44,cats
45,cats
46,dogs
47,fish aquatic pets
48,dogs
49,dogs
50,cats
51,cats
52,dogs
53,dogs
54,cats
55,dogs
56,cats
57,dogs
58,dogs
59,dogs
60,dogs
61,cats
62,dogs
63,dogs
64,fish aquatic pets
65,cats
66,dogs
67,cats
68,dogs
69,cats
70,cats
71,dogs
72,cats
73,cats
74,dogs
75,cats
76,dogs
77,dogs
78,cats
79,dogs
80,dogs
81,cats
82,dogs
83,dogs
84,bunny rabbit central
85,cats
86,dogs
87,dogs
88,cats
89,cats
90,dogs
91,dogs
92,cats
93,cats
94,cats
95,cats
96,cats
97,dogs
98,dogs
99,cats
100,dogs
101,dogs
102,dogs
103,dogs
104,dogs
105,dogs
106,cats
107,cats
108,cats
109,dogs
110,dogs
111,dogs
112,dogs
113,cats
114,dogs
115,dogs
116,cats
117,cats
118,dogs
119,dogs
120,cats
121,dogs
122,cats
123,cats
124,cats
125,cats
126,cats
127,dogs
128,dogs
129,cats
130,dogs
131,dogs
132,dogs
133,cats
134,cats
135,cats
136,dogs
137,cats
138,cats
139,birds
140,dogs
141,dogs
142,dogs
143,cats
144,dogs
145,cats
146,dogs
147,cats
148,fish aquatic pets
149,cats
150,dogs
151,cats
152,cats
153,cats
154,cats
155,cats
156,cats
157,dogs
158,cats
159,dogs
160,cats
161,dogs
162,dogs
163,dogs
164,dogs
165,cats
166,cats
167,dogs
168,dogs
169,cats
170,cats
171,cats
172,dogs
173,cats
174,dogs
175,dogs
176,cats
177,dogs
178,dogs
179,cats
180,dogs
181,cats
182,dogs
183,cats
184,dogs
185,dogs
186,dogs
187,cats
188,dogs
189,dogs
190,dogs
191,cats
192,cats
193,cats
194,dogs
195,fish aquatic pets
196,dogs
197,dogs
198,dogs
199,dogs
200,dogs
201,dogs
202,cats
203,dogs
204,dogs
205,dogs
206,cats
207,dogs
208,dogs
209,cats
210,dogs
211,cats
212,dogs
213,fish aquatic pets
214,cats
215,cats
216,cats
217,cats
218,dogs
219,dogs
220,cats
221,cats
222,cats
223,dogs
224,cats
225,dogs
226,dogs
227,dogs
228,cats
229,cats
230,cats
231,dogs
232,cats
233,cats
234,cats
235,dogs
236,dogs
237,dogs
238,cats
239,dogs
240,dogs
241,cats
242,cats
243,dogs
244,cats
245,cats
246,fish aquatic pets
247,fish aquatic pets
248,dogs
249,cats
250,cats
251,cats
252,cats
253,cats
254,dogs
255,dogs
256,cats
257,cats
258,dogs
259,cats
260,cats
261,dogs
262,dogs
263,cats
264,cats
265,dogs
266,dogs
267,dogs
268,dogs
269,dogs
270,cats
271,dogs
272,cats
273,dogs
274,cats
275,dogs
276,cats
277,dogs
278,dogs
279,dogs
280,dogs
281,cats
282,cats
283,cats
284,cats
285,cats
286,cats
287,cats
288,dogs
289,cats
290,fish aquatic pets
291,dogs
292,dogs
293,cats
294,dogs
295,dogs
296,dogs
297,dogs
298,dogs
299,cats
300,dogs
301,dogs
302,dogs
303,dogs
304,dogs
305,bunny rabbit central
306,dogs
307,dogs
308,cats
309,dogs
310,cats
311,dogs
312,dogs
313,cats
314,dogs
315,dogs
316,cats
317,cats
318,dogs
319,cats
320,dogs
321,cats
322,cats
323,dogs
324,dogs
325,cats
326,dogs
327,cats
328,cats
329,dogs
330,cats
331,cats
332,cats
333,cats
334,dogs
335,dogs
336,cats
337,dogs
338,dogs
339,dogs
340,dogs
341,dogs
342,dogs
343,dogs
344,dogs
345,cats
346,cats
347,cats
348,cats
349,cats
350,dogs
351,cats
352,dogs
353,dogs
354,cats
355,dogs
356,dogs
357,cats
358,dogs
359,dogs
360,cats
361,dogs
362,cats
363,dogs
364,dogs
365,cats
366,dogs
367,dogs
368,cats
369,dogs
370,dogs
371,dogs
372,dogs
373,dogs
374,cats
375,cats
376,cats
377,cats
378,cats
379,cats
380,dogs
381,cats
382,dogs
383,dogs
384,cats
385,dogs
386,dogs
387,dogs
388,cats
389,cats
390,dogs
391,dogs
392,cats
393,dogs
394,cats
395,cats
396,dogs
397,dogs
398,cats
399,dogs
400,dogs
401,cats
402,dogs
403,dogs
404,dogs
405,cats
406,dogs
407,cats
408,cats
409,cats
410,cats
411,dogs
412,cats
413,cats
414,cats
415,dogs
416,dogs
417,cats
418,cats
419,cats
420,cats
421,dogs
422,dogs
423,dogs
424,dogs
425,dogs
426,cats
427,dogs
428,dogs
429,cats
430,cats
431,dogs
432,dogs
433,dogs
434,dogs
435,cats
436,cats
437,dogs
438,cats
439,cats
440,cats
441,cats
442,dogs
443,dogs
444,cats
445,cats
446,cats
447,cats
448,dogs
449,dogs
450,cats
451,cats
452,dogs
453,cats
454,dogs
455,dogs
456,dogs
457,cats
458,dogs
459,dogs
460,cats
461,cats
462,cats
463,dogs
464,cats
465,dogs
466,cats
467,fish aquatic pets
468,birds
469,cats
470,dogs
471,dogs
472,cats
473,cats
474,cats
475,dogs
476,dogs
477,cats
478,cats
479,dogs
480,dogs
481,dogs
482,dogs
483,dogs
484,dogs
485,fish aquatic pets
486,cats
487,cats
488,cats
489,dogs
490,cats
491,cats
492,dogs
493,cats
494,dogs
495,cats
496,dogs
497,cats
498,dogs
499,cats
500,cats
501,dogs
502,cats
503,cats
504,cats
505,cats
506,dogs
507,cats
508,dogs
509,cats
510,cats
511,cats
512,cats
513,cats
514,cats
515,cats
516,dogs
517,cats
518,cats
519,cats
520,cats
521,dogs
522,dogs
523,fish aquatic pets
524,dogs
525,dogs
526,cats
527,cats
528,cats
529,dogs
530,dogs
531,dogs
532,dogs
533,dogs
534,cats
535,dogs
536,dogs
537,cats
538,dogs
539,dogs
540,dogs
541,cats
542,dogs
543,cats
544,cats
545,dogs
546,cats
547,dogs
548,dogs
549,dogs
550,cats
551,dogs
552,fish aquatic pets
553,dogs
554,cats
555,cats
556,cats
557,cats
558,dogs
559,dogs
560,dogs
561,cats
562,dogs
563,dogs
564,dogs
565,dogs
566,dogs
567,dogs
568,cats
569,cats
570,cats
571,cats
572,cats
573,dogs
574,dogs
575,fish aquatic pets
576,cats
577,dogs
578,dogs
579,dogs
580,dogs
581,fish aquatic pets
582,cats
583,dogs
584,dogs
585,dogs
586,cats
587,dogs
588,dogs
589,cats
590,cats
591,cats
592,dogs
593,cats
594,dogs
595,cats
596,dogs
597,dogs
598,dogs
599,dogs
600,dogs
601,dogs
602,dogs
603,cats
604,dogs
605,cats
606,dogs
607,cats
608,cats
609,dogs
610,dogs
611,dogs
612,dogs
613,dogs
614,cats
615,cats
616,dogs
617,dogs
618,cats
619,dogs
620,dogs
621,cats
622,dogs
623,dogs
624,dogs
625,dogs
626,cats
627,dogs
628,cats
629,dogs
630,cats
631,cats
632,dogs
633,cats
634,dogs
635,dogs
636,dogs
637,cats
638,cats
639,dogs
640,cats
641,cats
642,dogs
643,dogs
644,dogs
645,dogs
646,dogs
647,dogs
648,cats
649,dogs
650,fish aquatic pets
651,cats
652,dogs
653,dogs
654,cats
655,cats
656,cats
657,dogs
658,dogs
659,fish aquatic pets
660,cats
661,dogs
662,cats
663,dogs
664,cats
665,cats
666,dogs
667,cats
668,cats
669,cats
670,cats
671,dogs
672,cats
673,dogs
674,dogs
675,dogs
676,dogs
677,cats
678,dogs
679,dogs
680,fish aquatic pets
681,dogs
682,dogs
683,cats
684,dogs
685,dogs
686,dogs
687,dogs
688,dogs
689,dogs
690,cats
691,dogs
692,dogs
693,dogs
694,dogs
695,fish aquatic pets
696,dogs
697,cats
698,cats
699,cats
700,dogs
701,dogs
702,cats
703,cats
704,cats
705,dogs
706,cats
707,dogs
708,dogs
709,cats
710,cats
711,cats
712,dogs
713,cats
714,dogs
715,cats
716,dogs
717,cats
718,dogs
719,dogs
720,dogs
721,cats
722,dogs
723,dogs
724,dogs
725,dogs
726,dogs
727,dogs
728,cats
729,dogs
730,cats
731,dogs
732,cats
733,cats
734,cats
735,dogs
736,cats
737,cats
738,cats
739,dogs
740,dogs
741,cats
742,cats
743,dogs
744,cats
745,cats
746,cats
747,cats
748,cats
749,fish aquatic pets
750,cats
751,cats
752,dogs
753,cats
754,dogs
755,dogs
756,dogs
757,cats
758,cats
759,dogs
760,cats
761,cats
762,cats
763,dogs
764,dogs
765,dogs
766,cats
767,cats
768,dogs
769,dogs
770,dogs
771,dogs
772,dogs
773,cats
774,dogs
775,dogs
776,cats
777,dogs
778,dogs
779,dogs
780,cats
781,dogs
782,dogs
783,dogs
784,cats
785,dogs
786,cats
787,cats
788,cats
789,cats
790,cats
791,cats
792,dogs
793,cats
794,dogs
795,cats
796,dogs
797,dogs
798,dogs
799,dogs
800,cats
801,cats
802,dogs
803,cats
804,dogs
805,dogs
806,dogs
807,cats
808,dogs
809,dogs
810,cats
811,cats
812,cats
813,dogs
814,cats
815,cats
816,cats
817,dogs
818,cats
819,dogs
820,cats
821,cats
822,cats
823,dogs
824,dogs
825,dogs
826,fish aquatic pets
827,cats
828,dogs
829,dogs
830,dogs
831,dogs
832,dogs
833,cats
834,dogs
835,dogs
836,dogs
837,cats
838,cats
839,cats
840,dogs
841,cats
842,cats
843,birds
844,dogs
845,cats
846,dogs
847,dogs
848,cats
849,cats
850,dogs
851,dogs
852,dogs
853,cats
854,cats
855,dogs
856,dogs
857,cats
858,dogs
859,cats
860,dogs
861,cats
862,cats
863,dogs
864,dogs
865,dogs
866,dogs
867,cats
868,cats
869,dogs
870,dogs
871,cats
872,dogs
873,dogs
874,cats
875,cats
876,cats
877,dogs
878,cats
879,dogs
880,dogs
881,dogs
882,dogs
883,cats
884,dogs
885,dogs
886,dogs
887,cats
888,cats
889,cats
890,dogs
891,cats
892,cats
893,dogs
894,cats
895,dogs
896,dogs
897,cats
898,cats
899,cats
900,cats
901,dogs
902,dogs
903,cats
904,cats
905,dogs
906,dogs
907,cats
908,cats
909,dogs
910,cats
911,cats
912,dogs
913,dogs
914,dogs
915,fish aquatic pets
916,dogs
917,dogs
918,dogs
919,fish aquatic pets
920,dogs
921,cats
922,dogs
923,dogs
924,cats
925,cats
926,fish aquatic pets
927,dogs
928,dogs
929,dogs
930,cats
931,dogs
932,dogs
933,dogs
934,dogs
935,dogs
936,cats
937,cats
938,cats
939,dogs
940,small animals
941,dogs
942,cats
943,cats
944,dogs
945,dogs
946,cats
947,cats
948,cats
949,cats
950,cats
951,cats
952,dogs
953,cats
954,dogs
955,cats
956,dogs
957,dogs
958,cats
959,cats
960,dogs
961,cats
962,cats
963,cats
964,cats
965,cats
966,dogs
967,cats
968,fish aquatic pets
969,cats
970,dogs
971,cats
972,cats
973,cats
974,dogs
975,dogs
976,dogs
977,cats
978,cats
979,dogs
980,cats
981,dogs
982,cats
983,cats
984,cats
985,cats
986,dogs
987,cats
988,dogs
989,dogs
990,cats
991,dogs
992,dogs
993,cats
994,fish aquatic pets
995,dogs
996,dogs
997,cats
998,dogs
999,dogs
1000,dogs
1001,dogs
1002,cats
1003,dogs
1004,dogs
1005,dogs
1006,dogs
1007,cats
1008,cats
1009,cats
1010,cats
1011,cats
1012,dogs
1013,dogs
1014,dogs
1015,dogs
1016,dogs
1017,dogs
1018,cats
1019,dogs
1020,dogs
1021,dogs
1022,cats
1023,dogs
1024,dogs
1025,dogs
1026,cats
1027,dogs
1028,dogs
1029,dogs
1030,dogs
1031,dogs
1032,cats
1033,dogs
1034,cats
1035,dogs
1036,cats
1037,dogs
1038,dogs
1039,dogs
1040,cats
1041,dogs
1042,fish aquatic pets
1043,cats
1044,dogs
1045,dogs
1046,dogs
1047,cats
1048,cats
1049,cats
1050,cats
1051,dogs
1052,dogs
1053,cats
1054,cats
1055,dogs
1056,cats
1057,dogs
1058,dogs
1059,cats
1060,dogs
1061,dogs
1062,cats
1063,cats
1064,cats
1065,cats
1066,dogs
1067,dogs
1068,cats
1069,dogs
1070,fish aquatic pets
1071,dogs
1072,cats
1073,dogs
1074,cats
1075,cats
1076,dogs
1077,cats
1078,dogs
1079,cats
1080,cats
1081,dogs
1082,cats
1083,cats
1084,cats
1085,dogs
1086,dogs
1087,dogs
1088,dogs
1089,dogs
1090,dogs
1091,dogs
1092,cats
1093,cats
1094,cats
1095,dogs
1096,dogs
1097,cats
1098,cats
1099,cats
1100,dogs
1101,cats
1102,dogs
1103,dogs
1104,cats
1105,cats
1106,cats
1107,dogs
1108,dogs
1109,cats
1110,dogs
1111,dogs
1112,dogs
1113,dogs
1114,cats
1115,dogs
1116,dogs
1117,dogs
1118,cats
1119,dogs
1120,fish aquatic pets
1121,cats
1122,cats
1123,dogs
1124,cats
1125,dogs
1126,cats
1127,fish aquatic pets
1128,dogs
1129,cats
1130,dogs
1131,cats
1132,dogs
1133,fish aquatic pets
1134,cats
1135,dogs
1136,cats
1137,dogs
1138,dogs
1139,dogs
1140,dogs
1141,cats
1142,cats
1143,dogs
1144,dogs
1145,dogs
1146,dogs
1147,dogs
1148,dogs
1149,dogs
1150,cats
1151,bunny rabbit central
1152,cats
1153,dogs
1154,dogs
1155,dogs
1156,dogs
1157,dogs
1158,fish aquatic pets
1159,cats
1160,dogs
1161,cats
1162,dogs
1163,dogs
1164,dogs
1165,cats
1166,dogs
1167,cats
1168,cats
1169,dogs
1170,dogs
1171,cats
1172,dogs
1173,dogs
1174,dogs
1175,dogs
1176,dogs
1177,cats
1178,dogs
1179,dogs
1180,dogs
1181,dogs
1182,dogs
1183,dogs
1184,dogs
1185,dogs
1186,cats
1187,cats
1188,dogs
1189,dogs
1190,dogs
1191,dogs
1192,dogs
1193,dogs
1194,dogs
1195,dogs
1196,cats
1197,cats
1198,cats
1199,cats
1200,cats
1201,dogs
1202,cats
1203,cats
1204,dogs
1205,dogs
1206,dogs
1207,dogs
1208,dogs
1209,cats
1210,cats
1211,dogs
1212,cats
1213,cats
1214,cats
1215,cats
1216,dogs
1217,cats
1218,dogs
1219,dogs
1220,dogs
1221,cats
1222,dogs
1223,cats
1224,dogs
1225,dogs
1226,cats
1227,dogs
1228,cats
1229,cats
1230,dogs
1231,cats
1232,dogs
1233,dogs
1234,cats
1235,dogs
1236,dogs
1237,dogs
1238,dogs
1239,dogs
1240,dogs
1241,dogs
1242,dogs
1243,cats
1244,dogs
1245,cats
1246,dogs
1247,dogs
1248,cats
1249,dogs
1250,dogs
1251,dogs
1252,dogs
1253,dogs
1254,dogs
1255,cats
1256,dogs
1257,cats
1258,dogs
1259,dogs
1260,cats
1261,cats
1262,cats
1263,dogs
1264,dogs
1265,dogs
1266,cats
1267,dogs
1268,cats
1269,cats
1270,dogs
1271,fish aquatic pets
1272,cats
1273,cats
1274,cats
1275,cats
1276,cats
1277,fish aquatic pets
1278,dogs
1279,cats
1280,cats
1281,cats
1282,cats
1283,cats
1284,dogs
1285,cats
1286,cats
1287,dogs
1288,dogs
1289,dogs
1290,cats
1291,cats
1292,dogs
1293,dogs
1294,dogs
1295,dogs
1296,cats
1297,cats
1298,dogs
1299,cats
1300,cats
1301,cats
1302,dogs
1303,dogs
1304,dogs
1305,dogs
1306,cats
1307,dogs
1308,cats
1309,cats
1310,dogs
1311,dogs
1312,dogs
1313,cats
1314,dogs
1315,cats
1316,cats
1317,dogs
1318,dogs
1319,cats
1320,cats
1321,dogs
1322,cats
1323,cats
1324,cats
1325,cats
1326,cats
1327,cats
1328,cats
1329,cats
1330,dogs
1331,cats
1332,dogs
1333,cats
1334,fish aquatic pets
1335,dogs
1336,dogs
1337,cats
1338,dogs
1339,dogs
1340,dogs
1341,dogs
1342,dogs
1343,cats
1344,dogs
1345,dogs
1346,fish aquatic pets
1347,dogs
1348,cats
1349,cats
1350,dogs
1351,cats
1352,cats
1353,dogs
1354,dogs
1355,dogs
1356,cats
1357,dogs
1358,dogs
1359,cats
1360,cats
1361,cats
1362,cats
1363,dogs
1364,dogs
1365,dogs
1366,dogs
1367,cats
1368,cats
1369,dogs
1370,cats
1371,dogs
1372,cats
1373,cats
1374,dogs
1375,dogs
1376,cats
1377,cats
1378,cats
1379,cats
1380,dogs
1381,dogs
1382,cats
1383,cats
1384,cats
1385,cats
1386,cats
1387,cats
1388,dogs
1389,dogs
1390,dogs
1391,dogs
1392,dogs
1393,fish aquatic pets
1394,cats
1395,dogs
1396,cats
1397,dogs
1398,cats
1399,dogs
1400,cats
1401,dogs
1402,dogs
1403,dogs
1404,cats
1405,dogs
1406,dogs
1407,dogs
1408,cats
1409,cats
1410,dogs
1411,cats
1412,cats
1413,dogs
1414,dogs
1415,dogs
1416,cats
1417,cats
1418,dogs
1419,cats
1420,dogs
1421,dogs
1422,cats
1423,dogs
1424,cats
1425,cats
1426,cats
1427,dogs
1428,dogs
1429,cats
1430,cats
1431,cats
1432,dogs
1433,cats
1434,cats
1435,cats
1436,dogs
1437,cats
1438,cats
1439,cats
1440,cats
1441,dogs
1442,dogs
1443,birds
1444,dogs
1445,cats
1446,cats
1447,dogs
1448,cats
1449,cats
1450,dogs
1451,cats
1452,cats
1453,dogs
1454,dogs
1455,cats
1456,dogs
1457,dogs
1458,cats
1459,dogs
1460,dogs
1461,dogs
1462,dogs
1463,dogs
1464,cats
1465,dogs
1466,dogs
1467,dogs
1468,dogs
1469,dogs
1470,cats
1471,dogs
1472,dogs
1473,cats
1474,dogs
1475,dogs
1476,cats
1477,dogs
1478,dogs
1479,cats
1480,dogs
1481,dogs
1482,dogs
1483,dogs
1484,cats
1485,dogs
1486,dogs
1487,dogs
1488,cats
1489,dogs
1490,dogs
1491,cats
1492,dogs
1493,dogs
1494,cats
1495,dogs
1496,cats
1497,dogs
1498,dogs
1499,dogs
1500,cats
1501,dogs
1502,dogs
1503,cats
1504,cats
1505,cats
1506,dogs
1507,cats
1508,dogs
1509,dogs
1510,cats
1511,dogs
1512,cats
1513,dogs
1514,cats
1515,dogs
1516,dogs
1517,dogs
1518,dogs
1519,dogs
1520,fish aquatic pets
1521,dogs
1522,cats
1523,dogs
1524,dogs
1525,dogs
1526,fish aquatic pets
1527,dogs
1528,dogs
1529,cats
1530,cats
1531,cats
1532,dogs
1533,cats
1534,dogs
1535,dogs
1536,dogs
1537,dogs
1538,cats
1539,dogs
1540,dogs
1541,dogs
1542,dogs
1543,dogs
1544,dogs
1545,dogs
1546,dogs
1547,cats
1548,fish aquatic pets
1549,dogs
1550,dogs
1551,dogs
1552,dogs
1553,dogs
1554,dogs
1555,dogs
1556,cats
1557,dogs
1558,cats
1559,dogs
1560,dogs
1561,cats
1562,cats
1563,dogs
1564,dogs
1565,dogs
1566,cats
1567,cats
1568,dogs
1569,dogs
1570,dogs
1571,cats
1572,dogs
1573,fish aquatic pets
1574,dogs
1575,dogs
1576,dogs
1577,dogs
1578,cats
1579,dogs
1580,dogs
1581,dogs
1582,dogs
1583,cats
1584,dogs
1585,cats
1586,dogs
1587,cats
1588,dogs
1589,dogs
1590,cats
1591,cats
1592,dogs
1593,dogs
1594,dogs
1595,cats
1596,dogs
1597,cats
1598,cats
1599,dogs
1600,dogs
1601,dogs
1602,dogs
1603,dogs
1604,cats
1605,cats
1606,cats
1607,dogs
1608,dogs
1609,dogs
1610,dogs
1611,dogs
1612,dogs
1613,cats
1614,dogs
1615,dogs
1616,dogs
1617,cats
1618,dogs
1619,cats
1620,dogs
1621,cats
1622,cats
1623,dogs
1624,dogs
1625,dogs
1626,dogs
1627,dogs
1628,dogs
1629,dogs
1630,dogs
1631,cats
1632,cats
1633,dogs
1634,dogs
1635,dogs
1636,cats
1637,cats
1638,cats
1639,cats
1640,dogs
1641,dogs
1642,cats
1643,dogs
1644,cats
1645,dogs
1646,dogs
1647,dogs
1648,cats
1649,cats
1650,dogs
1651,dogs
1652,dogs
1653,dogs
1654,dogs
1655,cats
1656,cats
1657,dogs
1658,cats
1659,dogs
1660,fish aquatic pets
1661,cats
1662,dogs
1663,cats
1664,cats
1665,cats
1666,cats
1667,dogs
1668,dogs
1669,dogs
1670,cats
1671,dogs
1672,dogs
1673,dogs
1674,cats
1675,dogs
1676,birds
1677,dogs
1678,cats
1679,dogs
1680,cats
1681,dogs
1682,cats
1683,dogs
1684,dogs
1685,dogs
1686,dogs
1687,cats
1688,dogs
1689,dogs
1690,cats
1691,dogs
1692,cats
1693,cats
1694,cats
1695,dogs
1696,cats
1697,cats
1698,cats
1699,dogs
1700,dogs
1701,cats
1702,cats
1703,dogs
1704,dogs
1705,dogs
1706,cats
1707,cats
1708,cats
1709,cats
1710,dogs
1711,dogs
1712,dogs
1713,dogs
1714,cats
1715,dogs
1716,cats
1717,cats
1718,cats
1719,cats
1720,dogs
1721,cats
1722,cats
1723,cats
1724,dogs
1725,dogs
1726,cats
1727,dogs
1728,cats
1729,cats
1730,cats
1731,dogs
1732,cats
1733,dogs
1734,cats
1735,cats
1736,dogs
1737,birds
1738,dogs
1739,cats
1740,dogs
1741,dogs
1742,cats
1743,dogs
1744,cats
1745,dogs
1746,cats
1747,cats
1748,cats
1749,dogs
1750,cats
1751,dogs
1752,dogs
1753,cats
1754,cats
1755,dogs
1756,cats
1757,fish aquatic pets
1758,cats
1759,cats
1760,dogs
1761,dogs
1762,cats
1763,dogs
1764,cats
1765,cats
1766,dogs
1767,dogs
1768,cats
1769,cats
1770,cats
1771,cats
1772,cats
1773,cats
1774,dogs
1775,fish aquatic pets
1776,cats
1777,dogs
1778,dogs
1779,cats
1780,cats
1781,cats
1782,cats
1783,dogs
1784,dogs
1785,dogs
1786,cats
1787,dogs
1788,cats
1789,cats
1790,dogs
1791,cats
1792,dogs
1793,cats
1794,dogs
1795,dogs
1796,dogs
1797,dogs
1798,dogs
1799,cats
1800,cats
1801,dogs
1802,dogs
1803,dogs
1804,cats
1805,cats
1806,dogs
1807,fish aquatic pets
1808,dogs
1809,dogs
1810,cats
1811,dogs
1812,dogs
1813,cats
1814,cats
1815,cats
1816,dogs
1817,dogs
1818,cats
1819,cats
1820,dogs
1821,dogs
1822,dogs
1823,cats
1824,dogs
1825,cats
1826,cats
1827,cats
1828,cats
1829,cats
1830,dogs
1831,cats
1832,dogs
1833,dogs
1834,dogs
1835,dogs
1836,cats
1837,cats
1838,dogs
1839,dogs
1840,cats
1841,cats
1842,dogs
1843,dogs
1844,dogs
1845,dogs
1846,dogs
1847,cats
1848,dogs
1849,cats
1850,dogs
1851,dogs
1852,dogs
1853,dogs
1854,cats
1855,dogs
1856,cats
1857,cats
1858,dogs
1859,dogs
1860,dogs
1861,dogs
1862,dogs
1863,cats
1864,dogs
1865,dogs
1866,cats
1867,dogs
1868,dogs
1869,cats
1870,dogs
1871,dogs
1872,cats
1873,cats
1874,dogs
1875,cats
1876,dogs
1877,dogs
1878,cats
1879,dogs
1880,dogs
1881,dogs
1882,cats
1883,cats
1884,dogs
1885,dogs
1886,dogs
1887,cats
1888,dogs
1889,cats
1890,dogs
1891,cats
1892,dogs
1893,dogs
1894,dogs
1895,dogs
1896,dogs
1897,dogs
1898,cats
1899,cats
1900,dogs
1901,cats
1902,dogs
1903,dogs
1904,dogs
1905,dogs
1906,cats
1907,dogs
1908,dogs
1909,cats
1910,dogs
1911,dogs
1912,dogs
1913,cats
1914,dogs
1915,dogs
1916,dogs
1917,dogs
1918,cats
1919,cats
1920,cats
1921,cats
1922,cats
1923,fish aquatic pets
1924,dogs
1925,dogs
1926,dogs
1927,cats
1928,dogs
1929,dogs
1930,dogs
1931,cats
1932,dogs
1933,cats
1934,cats
1935,dogs
1936,dogs
1937,dogs
1938,cats
1939,cats
1940,fish aquatic pets
1941,cats
1942,dogs
1943,cats
1944,dogs
1945,cats
1946,dogs
1947,dogs
1948,cats
1949,dogs
1950,cats
1951,cats
1952,dogs
1953,dogs
1954,cats
1955,cats
1956,cats
1957,dogs
1958,dogs
1959,cats
1960,cats
1961,dogs
1962,cats
1963,cats
1964,cats
1965,dogs
1966,dogs
1967,dogs
1968,dogs
1969,dogs
1970,dogs
1971,cats
1972,dogs
1973,dogs
1974,cats
1975,fish aquatic pets
1976,dogs
1977,dogs
1978,cats
1979,dogs
1980,dogs
1981,dogs
1982,dogs
1983,dogs
1984,cats
1985,cats
1986,cats
1987,dogs
1988,dogs
1989,cats
1990,dogs
1991,dogs
1992,cats
1993,cats
1994,dogs
1995,dogs
1996,dogs
1997,dogs
1998,cats
1999,cats
2000,dogs
2001,cats
2002,cats
2003,cats
2004,dogs
2005,dogs
2006,dogs
2007,dogs
2008,dogs
2009,cats
2010,cats
2011,dogs
2012,cats
2013,cats
2014,dogs
2015,cats
2016,dogs
2017,dogs
2018,cats
2019,dogs
2020,dogs
2021,cats
2022,dogs
2023,dogs
2024,dogs
2025,dogs
2026,dogs
2027,cats
2028,dogs
2029,dogs
2030,cats
2031,fish aquatic pets
2032,cats
2033,dogs
2034,cats
2035,cats
2036,cats
2037,dogs
2038,dogs
2039,dogs
2040,dogs
2041,dogs
2042,cats
2043,dogs
2044,dogs
2045,cats
2046,dogs
2047,dogs
2048,cats
2049,fish aquatic pets
2050,dogs
2051,dogs
2052,dogs
2053,dogs
2054,cats
2055,cats
2056,dogs
2057,dogs
2058,dogs
2059,dogs
2060,dogs
2061,cats
2062,cats
2063,dogs
2064,dogs
2065,dogs
2066,dogs
2067,dogs
2068,dogs
2069,dogs
2070,dogs
2071,cats
2072,cats
2073,dogs
2074,cats
2075,dogs
2076,dogs
2077,cats
2078,dogs
2079,dogs
2080,dogs
2081,dogs
2082,cats
2083,cats
2084,cats
2085,dogs
2086,dogs
2087,cats
2088,dogs
2089,cats
2090,dogs
2091,cats
2092,cats
2093,cats
2094,dogs
2095,dogs
2096,cats
2097,cats
2098,dogs
2099,dogs
2100,dogs
2101,cats
2102,fish aquatic pets
2103,fish aquatic pets
2104,dogs
2105,dogs
2106,dogs
2107,dogs
2108,dogs
2109,dogs
2110,fish aquatic pets
2111,dogs
2112,dogs
2113,dogs
2114,dogs
2115,dogs
2116,dogs
2117,cats
2118,dogs
2119,cats
2120,dogs
2121,dogs
2122,dogs
2123,cats
2124,fish aquatic pets
2125,cats
2126,dogs
2127,dogs
2128,fish aquatic pets
2129,cats
2130,cats
2131,dogs
2132,cats
2133,cats
2134,dogs
2135,dogs
2136,cats
2137,dogs
2138,cats
2139,cats
2140,cats
2141,cats
2142,dogs
2143,dogs
2144,dogs
2145,dogs
2146,cats
2147,cats
2148,dogs
2149,dogs
2150,cats
2151,dogs
2152,dogs
2153,dogs
2154,dogs
2155,dogs
2156,fish aquatic pets
2157,dogs
2158,dogs
2159,cats
2160,cats
2161,cats
2162,cats
2163,dogs
2164,dogs
2165,dogs
2166,cats
2167,cats
2168,cats
2169,dogs
2170,dogs
2171,cats
2172,dogs
2173,cats
2174,cats
2175,cats
2176,dogs
2177,dogs
2178,cats
2179,cats
2180,dogs
2181,dogs
2182,dogs
2183,dogs
2184,cats
2185,dogs
2186,dogs
2187,dogs
2188,dogs
2189,dogs
2190,cats
2191,dogs
2192,dogs
2193,cats
2194,dogs
2195,dogs
2196,cats
2197,cats
2198,dogs
2199,dogs
2200,dogs
2201,dogs
2202,dogs
2203,cats
2204,dogs
2205,dogs
2206,cats
2207,dogs
2208,dogs
2209,cats
2210,cats
2211,dogs
2212,dogs
2213,cats
2214,cats
2215,dogs
2216,cats
2217,dogs
2218,cats
2219,dogs
2220,cats
2221,dogs
2222,dogs
2223,dogs
2224,cats
2225,cats
2226,cats
2227,cats
2228,dogs
2229,cats
2230,cats
2231,cats
2232,dogs
2233,dogs
2234,fish aquatic pets
2235,dogs
2236,cats
2237,dogs
2238,dogs
2239,dogs
2240,cats
2241,dogs
2242,dogs
2243,dogs
2244,dogs
2245,cats
2246,cats
2247,dogs
2248,dogs
2249,cats
2250,cats
2251,dogs
2252,cats
2253,dogs
2254,dogs
2255,cats
2256,cats
2257,cats
2258,cats
2259,fish aquatic pets
2260,cats
2261,cats
2262,cats
2263,dogs
2264,cats
2265,cats
2266,dogs
2267,dogs
2268,dogs
2269,dogs
2270,dogs
2271,dogs
2272,cats
2273,dogs
2274,dogs
2275,cats
2276,dogs
2277,cats
2278,cats
2279,cats
2280,dogs
2281,cats
2282,cats
2283,dogs
2284,dogs
2285,cats
2286,dogs
2287,fish aquatic pets
2288,cats
2289,dogs
2290,cats
2291,cats
2292,cats
2293,dogs
2294,dogs
2295,dogs
2296,dogs
2297,cats
2298,cats
2299,dogs
2300,cats
2301,cats
2302,dogs
2303,dogs
2304,cats
2305,dogs
2306,cats
2307,dogs
2308,dogs
2309,cats
2310,dogs
2311,dogs
2312,dogs
2313,dogs
2314,fish aquatic pets
2315,cats
2316,dogs
2317,cats
2318,dogs
2319,dogs
2320,dogs
2321,dogs
2322,dogs
2323,cats
2324,cats
2325,birds
2326,cats
2327,cats
2328,dogs
2329,cats
2330,cats
2331,dogs
2332,dogs
2333,fish aquatic pets
2334,fish aquatic pets
2335,cats
2336,dogs
2337,dogs
2338,cats
2339,cats
2340,cats
2341,dogs
2342,dogs
2343,cats
2344,cats
2345,dogs
2346,cats
2347,dogs
2348,dogs
2349,dogs
2350,dogs
2351,dogs
2352,dogs
2353,cats
2354,cats
2355,cats
2356,cats
2357,dogs
2358,dogs
2359,cats
2360,dogs
2361,cats
2362,dogs
2363,dogs
2364,cats
2365,cats
2366,cats
2367,dogs
2368,cats
2369,dogs
2370,cats
2371,dogs
2372,dogs
2373,dogs
2374,cats
2375,fish aquatic pets
2376,dogs
2377,cats
2378,cats
2379,birds
2380,dogs
2381,dogs
2382,cats
2383,cats
2384,dogs
2385,dogs
2386,dogs
2387,fish aquatic pets
2388,dogs
2389,dogs
2390,cats
2391,cats
2392,dogs
2393,dogs
2394,cats
2395,dogs
2396,cats
2397,cats
2398,dogs
2399,cats
2400,dogs
2401,cats
2402,dogs
2403,dogs
2404,cats
2405,cats
2406,cats
2407,dogs
2408,cats
2409,dogs
2410,dogs
2411,dogs
2412,cats
2413,dogs
2414,cats
2415,cats
2416,dogs
2417,cats
2418,dogs
2419,cats
2420,dogs
2421,dogs
2422,cats
2423,dogs
2424,dogs
2425,cats
2426,dogs
2427,cats
2428,dogs
2429,cats
2430,dogs
2431,dogs
2432,cats
2433,dogs
2434,cats
2435,cats
2436,dogs
2437,cats
2438,dogs
2439,dogs
2440,dogs
2441,cats
2442,cats
2443,cats
2444,dogs
2445,cats
2446,dogs
2447,cats
2448,dogs
2449,dogs
2450,dogs
2451,fish aquatic pets
2452,cats
2453,cats
2454,dogs
2455,dogs
2456,cats
2457,cats
2458,dogs
2459,dogs
2460,dogs
2461,cats
2462,dogs
2463,dogs
2464,dogs
2465,dogs
2466,dogs
2467,dogs
2468,cats
2469,dogs
2470,dogs
2471,dogs
2472,dogs
2473,cats
2474,cats
2475,dogs
2476,dogs
2477,cats
2478,dogs
2479,dogs
2480,cats
2481,dogs
2482,cats
2483,cats
2484,dogs
2485,dogs
2486,dogs
2487,dogs
2488,dogs
2489,dogs
2490,dogs
2491,dogs
2492,dogs
2493,cats
2494,dogs
2495,dogs
2496,cats
2497,dogs
2498,dogs
2499,dogs
2500,dogs
2501,cats
2502,cats
2503,dogs
2504,cats
2505,cats
2506,dogs
2507,cats
2508,fish aquatic pets
2509,dogs
2510,cats
2511,cats
2512,cats
2513,dogs
2514,dogs
2515,cats
2516,cats
2517,cats
2518,dogs
2519,fish aquatic pets
2520,cats
2521,cats
2522,dogs
2523,dogs
2524,cats
2525,dogs
2526,dogs
2527,cats
2528,dogs
2529,cats
2530,dogs
2531,cats
2532,cats
2533,dogs
2534,dogs
2535,dogs
2536,dogs
2537,dogs
2538,dogs
2539,cats
2540,dogs
2541,dogs
2542,dogs
2543,dogs
2544,dogs
2545,dogs
2546,cats
2547,cats
2548,dogs
2549,dogs
2550,dogs
2551,dogs
2552,dogs
2553,cats
2554,cats
2555,dogs
2556,cats
2557,cats
2558,cats
2559,dogs
2560,dogs
2561,cats
2562,dogs
2563,cats
2564,dogs
2565,dogs
2566,dogs
2567,dogs
2568,cats
2569,dogs
2570,dogs
2571,cats
2572,cats
2573,dogs
2574,cats
2575,cats
2576,cats
2577,dogs
2578,fish aquatic pets
2579,cats
2580,dogs
2581,dogs
2582,dogs
2583,dogs
2584,dogs
2585,cats
2586,dogs
2587,cats
2588,dogs
2589,dogs
2590,dogs
2591,dogs
2592,dogs
2593,dogs
2594,dogs
2595,cats
2596,dogs
2597,dogs
2598,dogs
2599,dogs
2600,cats
2601,fish aquatic pets
2602,dogs
2603,cats
2604,dogs
2605,dogs
2606,dogs
2607,dogs
2608,dogs
2609,dogs
2610,cats
2611,cats
2612,dogs
2613,cats
2614,dogs
2615,fish aquatic pets
2616,cats
2617,dogs
2618,cats
2619,dogs
2620,dogs
2621,cats
2622,dogs
2623,cats
2624,dogs
2625,dogs
2626,dogs
2627,cats
2628,fish aquatic pets
2629,cats
2630,cats
2631,dogs
2632,dogs
2633,cats
2634,cats
2635,cats
2636,dogs
2637,dogs
2638,dogs
2639,dogs
2640,cats
2641,dogs
2642,dogs
2643,dogs
2644,dogs
2645,cats
2646,cats
2647,cats
2648,cats
2649,dogs
2650,cats
2651,fish aquatic pets
2652,dogs
2653,cats
2654,dogs
2655,dogs
2656,cats
2657,cats
2658,dogs
2659,dogs
2660,cats
2661,dogs
2662,cats
2663,cats
2664,dogs
2665,dogs
2666,dogs
2667,fish aquatic pets
2668,cats
2669,cats
2670,dogs
2671,cats
2672,cats
2673,dogs
2674,cats
2675,cats
2676,dogs
2677,cats
2678,dogs
2679,dogs
2680,cats
2681,dogs
2682,dogs
2683,cats
2684,cats
2685,cats
2686,cats
2687,dogs
2688,dogs
2689,dogs
2690,dogs
2691,dogs
2692,dogs
2693,fish aquatic pets
2694,fish aquatic pets
2695,cats
2696,dogs
2697,cats
2698,dogs
2699,dogs
2700,dogs
2701,dogs
2702,dogs
2703,dogs
2704,dogs
2705,dogs
2706,dogs
2707,dogs
2708,cats
2709,cats
2710,dogs
2711,cats
2712,cats
2713,cats
2714,dogs
2715,cats
2716,cats
2717,cats
2718,cats
2719,cats
2720,dogs
2721,dogs
2722,cats
2723,dogs
2724,cats
2725,cats
2726,dogs
2727,cats
2728,cats
2729,dogs
2730,cats
2731,dogs
2732,dogs
2733,dogs
2734,fish aquatic pets
2735,dogs
2736,cats
2737,cats
2738,cats
2739,cats
2740,dogs
2741,dogs
2742,dogs
2743,cats
2744,cats
2745,dogs
2746,dogs
2747,dogs
2748,cats
2749,cats
2750,dogs
2751,cats
2752,dogs
2753,dogs
2754,dogs
2755,dogs
2756,dogs
2757,dogs
2758,cats
2759,cats
2760,cats
2761,dogs
2762,cats
2763,cats
2764,cats
2765,dogs
2766,dogs
2767,cats
2768,cats
2769,dogs
2770,cats
2771,dogs
2772,cats
2773,dogs
2774,cats
2775,cats
2776,cats
2777,cats
2778,dogs
2779,dogs
2780,dogs
2781,dogs
2782,cats
2783,dogs
2784,cats
2785,dogs
2786,cats
2787,cats
2788,cats
2789,cats
2790,dogs
2791,cats
2792,dogs
2793,dogs
2794,cats
2795,dogs
2796,dogs
2797,dogs
2798,dogs
2799,cats
2800,dogs
2801,cats
2802,dogs
2803,dogs
2804,dogs
2805,dogs
2806,dogs
2807,dogs
2808,cats
2809,cats
2810,dogs
2811,dogs
2812,cats
2813,dogs
2814,cats
2815,cats
2816,cats
2817,dogs
2818,dogs
2819,dogs
2820,dogs
2821,dogs
2822,dogs
2823,cats
2824,dogs
2825,cats
2826,cats
2827,cats
2828,dogs
2829,dogs
2830,dogs
2831,dogs
2832,dogs
2833,dogs
2834,dogs
2835,fish aquatic pets
2836,cats
2837,dogs
2838,dogs
2839,dogs
2840,fish aquatic pets
2841,dogs
2842,cats
2843,dogs
2844,dogs
2845,dogs
2846,dogs
2847,dogs
2848,dogs
2849,cats
2850,cats
2851,fish aquatic pets
2852,dogs
2853,dogs
2854,cats
2855,cats
2856,dogs
2857,dogs
2858,dogs
2859,cats
2860,cats
2861,dogs
2862,fish aquatic pets
2863,dogs
2864,cats
2865,cats
2866,fish aquatic pets
2867,dogs
2868,cats
2869,dogs
2870,cats
2871,dogs
2872,dogs
2873,cats
2874,dogs
2875,cats
2876,cats
2877,dogs
2878,cats
2879,dogs
2880,cats
2881,dogs
2882,dogs
2883,cats
2884,dogs
2885,dogs
2886,cats
2887,dogs
2888,cats
2889,cats
2890,dogs
2891,cats
2892,cats
2893,dogs
2894,dogs
2895,dogs
2896,cats
2897,cats
2898,dogs
2899,cats
2900,cats
2901,dogs
2902,dogs
2903,dogs
2904,cats
2905,dogs
2906,cats
2907,cats
2908,cats
2909,cats
2910,dogs
2911,dogs
2912,dogs
2913,cats
2914,cats
2915,dogs
2916,cats
2917,dogs
2918,cats
2919,dogs
2920,cats
2921,dogs
2922,dogs
2923,cats
2924,cats
2925,fish aquatic pets
2926,dogs
2927,dogs
2928,dogs
2929,cats
2930,cats
2931,cats
2932,cats
2933,cats
2934,cats
2935,cats
2936,cats
2937,dogs
2938,dogs
2939,dogs
2940,dogs
2941,cats
2942,dogs
2943,dogs
2944,cats
2945,cats
2946,dogs
2947,dogs
2948,cats
2949,dogs
2950,cats
2951,dogs
2952,cats
2953,cats
2954,dogs
2955,dogs
2956,dogs
2957,cats
2958,dogs
2959,dogs
2960,dogs
2961,dogs
2962,dogs
2963,dogs
2964,fish aquatic pets
2965,dogs
2966,cats
2967,cats
2968,cats
2969,dogs
2970,cats
2971,dogs
2972,dogs
2973,cats
2974,dogs
2975,cats
2976,cats
2977,cats
2978,cats
2979,dogs
2980,dogs
2981,cats
2982,dogs
2983,cats
2984,cats
2985,cats
2986,cats
2987,cats
2988,dogs
2989,cats
2990,cats
2991,dogs
2992,cats
2993,cats
2994,cats
2995,dogs
2996,dogs
2997,dogs
2998,cats
2999,cats
3000,dogs
3001,dogs
3002,dogs
3003,dogs
3004,cats
3005,dogs
3006,cats
3007,dogs
3008,dogs
3009,dogs
3010,cats
3011,fish aquatic pets
3012,dogs
3013,dogs
3014,dogs
3015,dogs
3016,cats
3017,cats
3018,dogs
3019,cats
3020,cats
3021,dogs
3022,cats
3023,dogs
3024,dogs
3025,cats
3026,dogs
3027,cats
3028,dogs
3029,dogs
3030,cats
3031,cats
3032,cats
3033,cats
3034,dogs
3035,dogs
3036,dogs
3037,cats
3038,dogs
3039,cats
3040,dogs
3041,cats
3042,cats
3043,cats
3044,dogs
3045,cats
3046,dogs
3047,cats
3048,dogs
3049,dogs
3050,dogs
3051,cats
3052,dogs
3053,dogs
3054,dogs
3055,cats
3056,cats
3057,cats
3058,dogs
3059,cats
3060,cats
3061,cats
3062,dogs
3063,cats
3064,dogs
3065,cats
3066,cats
3067,cats
3068,dogs
3069,dogs
3070,dogs
3071,cats
3072,cats
3073,dogs
3074,dogs
3075,dogs
3076,dogs
3077,dogs
3078,cats
3079,dogs
3080,cats
3081,cats
3082,cats
3083,dogs
3084,cats
3085,cats
3086,dogs
3087,cats
3088,dogs
3089,dogs
3090,dogs
3091,cats
3092,birds
3093,cats
3094,dogs
3095,dogs
3096,dogs
3097,dogs
3098,dogs
3099,dogs
3100,fish aquatic pets
3101,fish aquatic pets
3102,cats
3103,cats
3104,dogs
3105,fish aquatic pets
3106,dogs
3107,dogs
3108,dogs
3109,dogs
3110,cats
3111,dogs
3112,cats
3113,dogs
3114,cats
3115,dogs
3116,dogs
3117,dogs
3118,cats
3119,cats
3120,cats
3121,cats
3122,dogs
3123,dogs
3124,dogs
3125,dogs
3126,cats
3127,dogs
3128,dogs
3129,cats
3130,dogs
3131,cats
3132,cats
3133,cats
3134,cats
3135,cats
3136,dogs
3137,dogs
3138,cats
3139,cats
3140,dogs
3141,cats
3142,fish aquatic pets
3143,dogs
3144,cats
3145,dogs
3146,cats
3147,cats
3148,dogs
3149,dogs
3150,cats
3151,cats
3152,fish aquatic pets
3153,cats
3154,cats
3155,dogs
3156,cats
3157,cats
3158,cats
3159,cats
3160,dogs
3161,dogs
3162,dogs
3163,cats
3164,dogs
3165,dogs
3166,cats
3167,dogs
3168,dogs
3169,cats
3170,cats
3171,cats
3172,cats
3173,dogs
3174,dogs
3175,cats
3176,cats
3177,dogs
3178,cats
3179,cats
3180,cats
3181,cats
3182,cats
3183,dogs
3184,dogs
3185,dogs
3186,dogs
3187,dogs
3188,dogs
3189,dogs
3190,dogs
3191,dogs
3192,dogs
3193,dogs
3194,dogs
3195,birds
3196,dogs
3197,cats
3198,dogs
3199,cats
3200,dogs
3201,dogs
3202,fish aquatic pets
3203,dogs
3204,dogs
3205,dogs
3206,cats
3207,dogs
3208,cats
3209,cats
3210,cats
3211,dogs
3212,cats
3213,dogs
3214,dogs
3215,dogs
3216,dogs
3217,dogs
3218,cats
3219,cats
3220,dogs
3221,fish aquatic pets
3222,cats
3223,dogs
3224,cats
3225,dogs
3226,dogs
3227,dogs
3228,dogs
3229,dogs
3230,dogs
3231,cats
3232,cats
3233,cats
3234,cats
3235,dogs
3236,dogs
3237,dogs
3238,dogs
3239,dogs
3240,dogs
3241,cats
3242,dogs
3243,dogs
3244,dogs
3245,cats
3246,dogs
3247,dogs
3248,dogs
3249,dogs
3250,dogs
3251,dogs
3252,dogs
3253,dogs
3254,dogs
3255,dogs
3256,cats
3257,cats
3258,cats
3259,cats
3260,dogs
3261,fish aquatic pets
3262,dogs
3263,cats
3264,cats
3265,cats
3266,dogs
3267,cats
3268,dogs
3269,cats
3270,cats
3271,dogs
3272,cats
3273,dogs
3274,dogs
3275,dogs
3276,cats
3277,dogs
3278,cats
3279,dogs
3280,dogs
3281,dogs
3282,cats
3283,fish aquatic pets
3284,dogs
3285,cats
3286,dogs
3287,cats
3288,cats
3289,dogs
3290,cats
3291,cats
3292,dogs
3293,dogs
3294,cats
3295,dogs
3296,birds
3297,dogs
3298,dogs
3299,dogs
3300,cats
3301,dogs
3302,dogs
3303,dogs
3304,dogs
3305,cats
3306,dogs
3307,dogs
3308,dogs
3309,dogs
3310,dogs
3311,dogs
3312,cats
3313,dogs
3314,cats
3315,dogs
3316,dogs
3317,cats
3318,cats
3319,dogs
3320,dogs
3321,cats
3322,cats
3323,dogs
3324,cats
3325,dogs
3326,dogs
3327,cats
3328,dogs
3329,dogs
3330,cats
3331,cats
3332,dogs
3333,cats
3334,cats
3335,dogs
3336,cats
3337,dogs
3338,dogs
3339,dogs
3340,dogs
3341,dogs
3342,dogs
3343,cats
3344,cats
3345,dogs
3346,cats
3347,cats
3348,dogs
3349,cats
3350,cats
3351,cats
3352,fish aquatic pets
3353,dogs
3354,dogs
3355,cats
3356,dogs
3357,cats
3358,dogs
3359,fish aquatic pets
3360,cats
3361,cats
3362,dogs
3363,dogs
3364,dogs
3365,cats
3366,dogs
3367,cats
3368,cats
3369,dogs
3370,dogs
3371,cats
3372,dogs
3373,cats
3374,dogs
3375,dogs
3376,fish aquatic pets
3377,cats
3378,dogs
3379,cats
3380,dogs
3381,dogs
3382,dogs
3383,cats
3384,cats
3385,cats
3386,cats
3387,dogs
3388,cats
3389,dogs
3390,dogs
3391,dogs
3392,dogs
3393,dogs
3394,dogs
3395,dogs
3396,dogs
3397,cats
3398,dogs
3399,cats
3400,cats
3401,cats
3402,dogs
3403,dogs
3404,dogs
3405,cats
3406,cats
3407,dogs
3408,dogs
3409,dogs
3410,cats
3411,cats
3412,cats
3413,cats
3414,dogs
3415,cats
3416,cats
3417,cats
3418,dogs
3419,dogs
3420,cats
3421,cats
3422,cats
3423,cats
3424,cats
3425,cats
3426,dogs
3427,cats
3428,dogs
3429,dogs
3430,dogs
3431,cats
3432,cats
3433,cats
3434,cats
3435,dogs
3436,dogs
3437,cats
3438,cats
3439,dogs
3440,fish aquatic pets
3441,cats
3442,dogs
3443,cats
3444,cats
3445,cats
3446,cats
3447,dogs
3448,dogs
3449,birds
3450,cats
3451,cats
3452,cats
3453,dogs
3454,dogs
3455,dogs
3456,dogs
3457,cats
3458,dogs
3459,dogs
3460,cats
3461,dogs
3462,cats
3463,dogs
3464,cats
3465,cats
3466,dogs
3467,cats
3468,cats
3469,cats
3470,cats
3471,cats
3472,cats
3473,dogs
3474,dogs
3475,dogs
3476,dogs
3477,fish aquatic pets
3478,dogs
3479,cats
3480,fish aquatic pets
3481,cats
3482,birds
3483,dogs
3484,cats
3485,cats
3486,cats
3487,dogs
3488,dogs
3489,dogs
3490,cats
3491,dogs
3492,cats
3493,cats
3494,dogs
3495,cats
3496,cats
3497,dogs
3498,dogs
3499,dogs
3500,dogs
3501,cats
3502,dogs
3503,dogs
3504,cats
3505,dogs
3506,dogs
3507,cats
3508,dogs
3509,dogs
3510,cats
3511,cats
3512,cats
3513,dogs
3514,dogs
3515,cats
3516,dogs
3517,dogs
3518,dogs
3519,cats
3520,dogs
3521,cats
3522,dogs
3523,cats
3524,dogs
3525,birds
3526,cats
3527,dogs
3528,cats
3529,cats
3530,dogs
3531,dogs
3532,cats
3533,cats
3534,dogs
3535,dogs
3536,cats
3537,dogs
3538,dogs
3539,dogs
3540,dogs
3541,dogs
3542,cats
3543,dogs
3544,dogs
3545,dogs
3546,dogs
3547,dogs
3548,dogs
3549,dogs
3550,dogs
3551,cats
3552,cats
3553,cats
3554,cats
3555,dogs
3556,cats
3557,cats
3558,dogs
3559,cats
3560,cats
3561,fish aquatic pets
3562,dogs
3563,dogs
3564,cats
3565,dogs
3566,dogs
3567,cats
3568,cats
3569,cats
3570,fish aquatic pets
3571,dogs
3572,cats
3573,dogs
3574,cats
3575,cats
3576,dogs
3577,dogs
3578,cats
3579,cats
3580,cats
3581,cats
3582,dogs
3583,dogs
3584,cats
3585,cats
3586,cats
3587,dogs
3588,cats
3589,dogs
3590,dogs
3591,cats
3592,fish aquatic pets
3593,dogs
3594,cats
3595,cats
3596,cats
3597,dogs
3598,cats
3599,dogs
3600,cats
3601,dogs
3602,cats
3603,dogs
3604,dogs
3605,cats
3606,dogs
3607,cats
3608,dogs
3609,cats
3610,dogs
3611,dogs
3612,dogs
3613,cats
3614,dogs
3615,cats
3616,dogs
3617,dogs
3618,dogs
3619,dogs
3620,dogs
3621,cats
3622,cats
3623,dogs
3624,cats
3625,cats
3626,cats
3627,cats
3628,cats
3629,cats
3630,cats
3631,dogs
3632,dogs
3633,dogs
3634,fish aquatic pets
3635,cats
3636,cats
3637,cats
3638,cats
3639,dogs
3640,cats
3641,dogs
3642,dogs
3643,dogs
3644,dogs
3645,dogs
3646,dogs
3647,fish aquatic pets
3648,birds
3649,cats
3650,cats
3651,cats
3652,dogs
3653,cats
3654,cats
3655,dogs
3656,cats
3657,dogs
3658,dogs
3659,cats
3660,cats
3661,cats
3662,dogs
3663,dogs
3664,dogs
3665,dogs
3666,cats
3667,dogs
3668,fish aquatic pets
3669,dogs
3670,cats
3671,cats
3672,dogs
3673,dogs
3674,dogs
3675,dogs
3676,dogs
3677,dogs
3678,dogs
3679,cats
3680,dogs
3681,cats
3682,dogs
3683,dogs
3684,dogs
3685,cats
3686,cats
3687,dogs
3688,dogs
3689,cats
3690,dogs
3691,dogs
3692,dogs
3693,cats
3694,dogs
3695,cats
3696,cats
3697,dogs
3698,dogs
3699,dogs
3700,cats
3701,cats
3702,dogs
3703,fish aquatic pets
3704,fish aquatic pets
3705,cats
3706,cats
3707,dogs
3708,cats
3709,dogs
3710,dogs
3711,cats
3712,cats
3713,dogs
3714,dogs
3715,dogs
3716,dogs
3717,cats
3718,fish aquatic pets
3719,cats
3720,cats
3721,cats
3722,dogs
3723,cats
3724,dogs
3725,dogs
3726,dogs
3727,cats
3728,cats
3729,dogs
3730,cats
3731,cats
3732,cats
3733,bunny rabbit central
3734,cats
3735,cats
3736,cats
3737,cats
3738,fish aquatic pets
3739,dogs
3740,cats
3741,dogs
3742,cats
3743,dogs
3744,cats
3745,cats
3746,cats
3747,cats
3748,dogs
3749,cats
3750,cats
3751,cats
3752,dogs
3753,dogs
3754,dogs
3755,dogs
3756,dogs
3757,cats
3758,cats
3759,dogs
3760,dogs
3761,cats
3762,cats
3763,cats
3764,dogs
3765,dogs
3766,dogs
3767,dogs
3768,dogs
3769,cats
3770,dogs
3771,cats
3772,cats
3773,cats
3774,fish aquatic pets
3775,cats
3776,dogs
3777,cats
3778,dogs
3779,cats
3780,fish aquatic pets
3781,dogs
3782,cats
3783,cats
3784,dogs
3785,dogs
3786,dogs
3787,dogs
3788,dogs
3789,dogs
3790,dogs
3791,dogs
3792,cats
3793,cats
3794,dogs
3795,dogs
3796,dogs
3797,dogs
3798,dogs
3799,dogs
3800,cats
3801,dogs
3802,cats
3803,cats
3804,cats
3805,cats
3806,dogs
3807,cats
3808,cats
3809,dogs
3810,cats
3811,dogs
3812,dogs
3813,fish aquatic pets
3814,cats
3815,dogs
3816,fish aquatic pets
3817,cats
3818,dogs
3819,dogs
3820,cats
3821,cats
3822,cats
3823,cats
3824,cats
3825,dogs
3826,cats
3827,cats
3828,dogs
3829,dogs
3830,cats
3831,dogs
3832,dogs
3833,cats
3834,dogs
3835,dogs
3836,cats
3837,cats
3838,cats
3839,cats
3840,dogs
3841,cats
3842,dogs
3843,dogs
3844,dogs
3845,dogs
3846,dogs
3847,dogs
3848,dogs
3849,dogs
3850,dogs
3851,cats
3852,dogs
3853,cats
3854,dogs
3855,dogs
3856,cats
3857,cats
3858,dogs
3859,cats
3860,cats
3861,dogs
3862,dogs
3863,dogs
3864,cats
3865,cats
3866,dogs
3867,dogs
3868,cats
3869,cats
3870,cats
3871,dogs
3872,cats
3873,cats
3874,cats
3875,dogs
3876,dogs
3877,dogs
3878,dogs
3879,cats
3880,dogs
3881,cats
3882,dogs
3883,dogs
3884,cats
3885,dogs
3886,dogs
3887,cats
3888,dogs
3889,cats
3890,cats
3891,cats
3892,cats
3893,dogs
3894,dogs
3895,cats
3896,dogs
3897,dogs
3898,dogs
3899,dogs
3900,cats
3901,cats
3902,dogs
3903,dogs
3904,dogs
3905,fish aquatic pets
3906,cats
3907,cats
3908,dogs
3909,dogs
3910,dogs
3911,cats
3912,dogs
3913,cats
3914,dogs
3915,cats
3916,dogs
3917,dogs
3918,cats
3919,cats
3920,dogs
3921,dogs
3922,cats
3923,fish aquatic pets
3924,dogs
3925,cats
3926,dogs
3927,dogs
3928,cats
3929,cats
3930,dogs
3931,dogs
3932,cats
3933,cats
3934,cats
3935,cats
3936,cats
3937,dogs
3938,dogs
3939,dogs
3940,cats
3941,dogs
3942,cats
3943,cats
3944,dogs
3945,dogs
3946,cats
3947,dogs
3948,dogs
3949,dogs
3950,dogs
3951,cats
3952,fish aquatic pets
3953,dogs
3954,dogs
3955,dogs
3956,dogs
3957,cats
3958,dogs
3959,dogs
3960,cats
3961,dogs
3962,cats
3963,dogs
3964,dogs
3965,dogs
3966,cats
3967,cats
3968,dogs
3969,dogs
3970,cats
3971,cats
3972,cats
3973,cats
3974,dogs
3975,cats
3976,cats
3977,dogs
3978,cats
3979,cats
3980,dogs
3981,cats
3982,cats
3983,cats
3984,dogs
3985,dogs
3986,dogs
3987,cats
3988,cats
3989,cats
3990,cats
3991,cats
3992,cats
3993,dogs
3994,cats
3995,cats
3996,cats
3997,dogs
3998,cats
3999,dogs
4000,cats
4001,cats
4002,dogs
4003,cats
4004,cats
4005,cats
4006,dogs
4007,dogs
4008,cats
4009,cats
4010,cats
4011,dogs
4012,dogs
4013,dogs
4014,dogs
4015,cats
4016,cats
4017,cats
4018,cats
4019,cats
4020,dogs
4021,cats
4022,dogs
4023,dogs
4024,dogs
4025,dogs
4026,dogs
4027,dogs
4028,cats
4029,cats
4030,cats
4031,dogs
4032,dogs
4033,cats
4034,cats
4035,cats
4036,cats
4037,cats
4038,dogs
4039,dogs
4040,dogs
4041,dogs
4042,cats
4043,dogs
4044,dogs
4045,dogs
4046,dogs
4047,cats
4048,cats
4049,cats
4050,dogs
4051,cats
4052,fish aquatic pets
4053,cats
4054,cats
4055,dogs
4056,cats
4057,dogs
4058,cats
4059,cats
4060,dogs
4061,dogs
4062,dogs
4063,cats
4064,cats
4065,cats
4066,cats
4067,dogs
4068,dogs
4069,dogs
4070,dogs
4071,dogs
4072,dogs
4073,dogs
4074,cats
4075,dogs
4076,cats
4077,dogs
4078,dogs
4079,dogs
4080,dogs
4081,cats
4082,dogs
4083,cats
4084,cats
4085,cats
4086,dogs
4087,dogs
4088,dogs
4089,cats
4090,dogs
4091,dogs
4092,dogs
4093,dogs
4094,dogs
4095,dogs
4096,cats
4097,cats
4098,cats
4099,fish aquatic pets
4100,cats
4101,dogs
4102,cats
4103,dogs
4104,cats
4105,dogs
4106,cats
4107,cats
4108,cats
4109,cats
4110,dogs
4111,dogs
4112,dogs
4113,cats
4114,dogs
4115,cats
4116,dogs
4117,dogs
4118,cats
4119,dogs
4120,cats
4121,cats
4122,dogs
4123,dogs
4124,dogs
4125,cats
4126,dogs
4127,dogs
4128,dogs
4129,dogs
4130,dogs
4131,cats
4132,cats
4133,dogs
4134,dogs
4135,dogs
4136,dogs
4137,dogs
4138,cats
4139,dogs
4140,cats
4141,dogs
4142,cats
4143,dogs
4144,dogs
4145,dogs
4146,dogs
4147,dogs
4148,dogs
4149,fish aquatic pets
4150,dogs
4151,fish aquatic pets
4152,cats
4153,dogs
4154,cats
4155,dogs
4156,dogs
4157,cats
4158,dogs
4159,fish aquatic pets
4160,dogs
4161,dogs
4162,cats
4163,dogs
4164,dogs
4165,cats
4166,cats
4167,cats
4168,dogs
4169,cats
4170,dogs
4171,dogs
4172,dogs
4173,dogs
4174,dogs
4175,cats
4176,dogs
4177,dogs
4178,dogs
4179,dogs
4180,cats
4181,cats
4182,cats
4183,dogs
4184,dogs
4185,cats
4186,cats
4187,dogs
4188,cats
4189,dogs
4190,cats
4191,cats
4192,dogs
4193,dogs
4194,dogs
4195,cats
4196,cats
4197,dogs
4198,dogs
4199,dogs
4200,cats
4201,dogs
4202,dogs
4203,cats
4204,cats
4205,dogs
4206,dogs
4207,cats
4208,cats
4209,dogs
4210,cats
4211,cats
4212,cats
4213,cats
4214,dogs
4215,cats
4216,dogs
4217,dogs
4218,dogs
4219,dogs
4220,dogs
4221,cats
4222,dogs
4223,dogs
4224,cats
4225,cats
4226,cats
4227,cats
4228,dogs
4229,fish aquatic pets
4230,dogs
4231,dogs
4232,cats
4233,cats
4234,dogs
4235,cats
4236,cats
4237,cats
4238,dogs
4239,dogs
4240,dogs
4241,cats
4242,cats
4243,dogs
4244,cats
4245,cats
4246,cats
4247,cats
4248,dogs
4249,dogs
4250,cats
4251,dogs
4252,dogs
4253,dogs
4254,cats
4255,cats
4256,dogs
4257,dogs
4258,cats
4259,dogs
4260,cats
4261,dogs
4262,cats
4263,dogs
4264,cats
4265,cats
4266,dogs
4267,cats
4268,dogs
4269,dogs
4270,dogs
4271,cats
4272,cats
4273,cats
4274,dogs
4275,cats
4276,dogs
4277,dogs
4278,cats
4279,cats
4280,dogs
4281,dogs
4282,cats
4283,cats
4284,dogs
4285,birds
4286,cats
4287,cats
4288,cats
4289,dogs
4290,dogs
4291,dogs
4292,cats
4293,dogs
4294,dogs
4295,cats
4296,dogs
4297,cats
4298,cats
4299,cats
4300,cats
4301,cats
4302,cats
4303,cats
4304,cats
4305,dogs
4306,cats
4307,cats
4308,cats
4309,dogs
4310,cats
4311,dogs
4312,cats
4313,dogs
4314,dogs
4315,dogs
4316,dogs
4317,cats
4318,dogs
4319,cats
4320,dogs
4321,dogs
4322,dogs
4323,dogs
4324,dogs
4325,cats
4326,fish aquatic pets
4327,dogs
4328,dogs
4329,dogs
4330,cats
4331,cats
4332,cats
4333,cats
4334,cats
4335,dogs
4336,cats
4337,dogs
4338,fish aquatic pets
4339,cats
4340,dogs
4341,dogs
4342,dogs
4343,dogs
4344,dogs
4345,cats
4346,cats
4347,cats
4348,cats
4349,dogs
4350,cats
4351,dogs
4352,dogs
4353,cats
4354,dogs
4355,dogs
4356,dogs
4357,cats
4358,cats
4359,dogs
4360,dogs
4361,cats
4362,cats
4363,cats
4364,dogs
4365,cats
4366,dogs
4367,cats
4368,birds
4369,dogs
4370,dogs
4371,dogs
4372,cats
4373,dogs
4374,dogs
4375,cats
4376,cats
4377,dogs
4378,cats
4379,cats
4380,birds
4381,dogs
4382,dogs
4383,cats
4384,dogs
4385,cats
4386,cats
4387,cats
4388,cats
4389,cats
4390,birds
4391,dogs
4392,dogs
4393,cats
4394,cats
4395,cats
4396,dogs
4397,cats
4398,dogs
4399,dogs
4400,cats
4401,dogs
4402,cats
4403,cats
4404,cats
4405,dogs
4406,cats
4407,dogs
4408,cats
4409,cats
4410,fish aquatic pets
4411,dogs
4412,dogs
4413,cats
4414,dogs
4415,cats
4416,dogs
4417,cats
4418,cats
4419,dogs
4420,dogs
4421,cats
4422,dogs
4423,cats
4424,dogs
4425,dogs
4426,dogs
4427,fish aquatic pets
4428,cats
4429,dogs
4430,dogs
4431,cats
4432,dogs
4433,cats
4434,dogs
4435,dogs
4436,dogs
4437,dogs
4438,cats
4439,cats
4440,cats
4441,dogs
4442,dogs
4443,cats
4444,dogs
4445,dogs
4446,cats
4447,cats
4448,cats
4449,dogs
4450,dogs
4451,dogs
4452,dogs
4453,dogs
4454,cats
4455,dogs
4456,cats
4457,dogs
4458,cats
4459,dogs
4460,cats
4461,dogs
4462,cats
4463,dogs
4464,cats
4465,cats
4466,dogs
4467,dogs
4468,cats
4469,cats
4470,cats
4471,cats
4472,cats
4473,cats
4474,cats
4475,cats
4476,dogs
4477,dogs
4478,dogs
4479,cats
4480,dogs
4481,dogs
4482,fish aquatic pets
4483,dogs
4484,cats
4485,dogs
4486,dogs
4487,dogs
4488,cats
4489,cats
4490,dogs
4491,cats
4492,dogs
4493,dogs
4494,cats
4495,dogs
4496,dogs
4497,cats
4498,dogs
4499,cats
4500,dogs
4501,cats
4502,dogs
4503,cats
4504,cats
4505,dogs
4506,dogs
4507,dogs
4508,cats
4509,cats
4510,cats
4511,cats
4512,dogs
4513,dogs
4514,dogs
4515,dogs
4516,dogs
4517,cats
4518,cats
4519,dogs
4520,dogs
4521,cats
4522,dogs
4523,dogs
4524,dogs
4525,cats
4526,dogs
4527,cats
4528,cats
4529,dogs
4530,cats
4531,dogs
4532,cats
4533,cats
4534,dogs
4535,cats
4536,dogs
4537,cats
4538,fish aquatic pets
4539,cats
4540,dogs
4541,fish aquatic pets
4542,fish aquatic pets
4543,cats
4544,dogs
4545,cats
4546,cats
4547,dogs
4548,dogs
4549,dogs
4550,cats
4551,cats
4552,cats
4553,cats
4554,dogs
4555,dogs
4556,cats
4557,cats
4558,dogs
4559,dogs
4560,dogs
4561,cats
4562,cats
4563,dogs
4564,fish aquatic pets
4565,dogs
4566,fish aquatic pets
4567,cats
4568,dogs
4569,cats
4570,cats
4571,dogs
4572,cats
4573,dogs
4574,cats
4575,dogs
4576,cats
4577,cats
4578,cats
4579,dogs
4580,dogs
4581,cats
4582,dogs
4583,dogs
4584,dogs
4585,cats
4586,dogs
4587,cats
4588,dogs
4589,dogs
4590,dogs
4591,dogs
4592,cats
4593,cats
4594,dogs
4595,dogs
4596,cats
4597,fish aquatic pets
4598,dogs
4599,dogs
4600,dogs
4601,dogs
4602,dogs
4603,fish aquatic pets
4604,dogs
4605,cats
4606,cats
4607,dogs
4608,cats
4609,cats
4610,cats
4611,dogs
4612,cats
4613,dogs
4614,fish aquatic pets
4615,cats
4616,cats
4617,dogs
4618,cats
4619,dogs
4620,dogs
4621,cats
4622,dogs
4623,dogs
4624,dogs
4625,dogs
4626,fish aquatic pets
4627,dogs
4628,cats
4629,dogs
4630,dogs
4631,cats
4632,cats
4633,cats
4634,cats
4635,cats
4636,cats
4637,dogs
4638,dogs
4639,dogs
4640,dogs
4641,dogs
4642,cats
4643,cats
4644,dogs
4645,cats
4646,cats
4647,cats
4648,dogs
4649,cats
4650,dogs
4651,dogs
4652,dogs
4653,dogs
4654,cats
4655,dogs
4656,dogs
4657,cats
4658,cats
4659,cats
4660,cats
4661,dogs
4662,cats
4663,cats
4664,dogs
4665,cats
4666,cats
4667,dogs
4668,cats
4669,cats
4670,birds
4671,birds
4672,cats
4673,dogs
4674,cats
4675,dogs
4676,cats
4677,dogs
4678,dogs
4679,dogs
4680,cats
4681,cats
4682,dogs
4683,fish aquatic pets
4684,cats
4685,dogs
4686,dogs
4687,cats
4688,dogs
4689,cats
4690,dogs
4691,cats
4692,dogs
4693,cats
4694,cats
4695,dogs
4696,dogs
4697,cats
4698,cats
4699,cats
4700,cats
4701,cats
4702,dogs
4703,cats
4704,dogs
4705,cats
4706,dogs
4707,cats
4708,dogs
4709,dogs
4710,dogs
4711,cats
4712,dogs
4713,dogs
4714,cats
4715,cats
4716,dogs
4717,dogs
4718,dogs
4719,cats
4720,dogs
4721,dogs
4722,dogs
4723,dogs
4724,dogs
4725,cats
4726,cats
4727,dogs
4728,dogs
4729,dogs
4730,dogs
4731,dogs
4732,cats
4733,dogs
4734,cats
4735,cats
4736,dogs
4737,dogs
4738,dogs
4739,dogs
4740,dogs
4741,dogs
4742,dogs
4743,dogs
4744,dogs
4745,dogs
4746,cats
4747,cats
4748,cats
4749,dogs
4750,cats
4751,cats
4752,cats
4753,dogs
4754,cats
4755,cats
4756,dogs
4757,dogs
4758,cats
4759,cats
4760,dogs
4761,dogs
4762,cats
4763,dogs
4764,cats
4765,dogs
4766,dogs
4767,dogs
4768,dogs
4769,fish aquatic pets
4770,dogs
4771,dogs
4772,cats
4773,dogs
4774,cats
4775,dogs
4776,cats
4777,dogs
4778,dogs
4779,cats
4780,cats
4781,cats
4782,dogs
4783,cats
4784,dogs
4785,dogs
4786,cats
4787,cats
4788,cats
4789,cats
4790,dogs
4791,dogs
4792,dogs
4793,cats
4794,dogs
4795,cats
4796,cats
4797,cats
4798,cats
4799,dogs
4800,cats
4801,dogs
4802,dogs
4803,cats
4804,cats
4805,cats
4806,dogs
4807,cats
4808,dogs
4809,cats
4810,cats
4811,dogs
4812,dogs
4813,dogs
4814,dogs
4815,cats
4816,dogs
4817,dogs
4818,cats
4819,dogs
4820,cats
4821,cats
4822,cats
4823,dogs
4824,cats
4825,cats
4826,cats
4827,cats
4828,cats
4829,dogs
4830,dogs
4831,dogs
4832,dogs
4833,dogs
4834,dogs
4835,dogs
4836,fish aquatic pets
4837,cats
4838,cats
4839,dogs
4840,dogs
4841,cats
4842,cats
4843,cats
4844,cats
4845,fish aquatic pets
4846,dogs
4847,cats
4848,cats
4849,cats
4850,dogs
4851,cats
4852,dogs
4853,cats
4854,dogs
4855,dogs
4856,cats
4857,cats
4858,dogs
4859,dogs
4860,cats
4861,dogs
4862,cats
4863,cats
4864,dogs
4865,dogs
4866,cats
4867,dogs
4868,dogs
4869,cats
4870,dogs
4871,dogs
4872,dogs
4873,cats
4874,dogs
4875,cats
4876,dogs
4877,cats
4878,cats
4879,dogs
4880,cats
4881,dogs
4882,dogs
4883,cats
4884,cats
4885,dogs
4886,cats
4887,fish aquatic pets
4888,cats
4889,cats
4890,dogs
4891,dogs
4892,cats
4893,cats
4894,dogs
4895,dogs
4896,cats
4897,birds
4898,dogs
4899,cats
4900,dogs
4901,dogs
4902,cats
4903,cats
4904,dogs
4905,dogs
4906,cats
4907,cats
4908,dogs
4909,dogs
4910,dogs
4911,cats
4912,dogs
4913,dogs
4914,dogs
4915,cats
4916,dogs
4917,dogs
4918,cats
4919,dogs
4920,fish aquatic pets
4921,dogs
4922,cats
4923,cats
4924,dogs
4925,cats
4926,cats
4927,dogs
4928,dogs
4929,dogs
4930,dogs
4931,cats
4932,dogs
4933,cats
4934,cats
4935,dogs
4936,cats
4937,cats
4938,cats
4939,cats
4940,dogs
4941,dogs
4942,dogs
4943,cats
4944,dogs
4945,dogs
4946,cats
4947,dogs
4948,dogs
4949,dogs
4950,dogs
4951,dogs
4952,dogs
4953,dogs
4954,dogs
4955,dogs
4956,cats
4957,dogs
4958,dogs
4959,birds
4960,cats
4961,dogs
4962,dogs
4963,cats
4964,cats
4965,fish aquatic pets
4966,dogs
4967,dogs
4968,cats
4969,cats
4970,dogs
4971,cats
4972,dogs
4973,dogs
4974,dogs
4975,dogs
4976,cats
4977,dogs
4978,cats
4979,birds
4980,cats
4981,dogs
4982,dogs
4983,cats
4984,cats
4985,dogs
4986,dogs
4987,dogs
4988,cats
4989,dogs
4990,cats
4991,dogs
4992,cats
4993,dogs
4994,dogs
4995,dogs
4996,cats
4997,fish aquatic pets
4998,cats
4999,cats
5000,dogs
5001,dogs
5002,dogs
5003,cats
5004,cats
5005,fish aquatic pets
5006,dogs
5007,cats
5008,dogs
5009,dogs
5010,dogs
5011,dogs
5012,dogs
5013,cats
5014,cats
5015,dogs
5016,dogs
5017,cats
5018,dogs
5019,dogs
5020,dogs
5021,dogs
5022,cats
5023,cats
5024,dogs
5025,dogs
5026,dogs
5027,dogs
5028,cats
5029,dogs
5030,dogs
5031,cats
5032,cats
5033,cats
5034,cats
5035,dogs
5036,dogs
5037,cats
5038,cats
5039,dogs
5040,cats
5041,cats
5042,dogs
5043,cats
5044,dogs
5045,dogs
5046,dogs
5047,cats
5048,dogs
5049,dogs
5050,cats
5051,dogs
5052,cats
5053,cats
5054,dogs
5055,dogs
5056,cats
5057,dogs
5058,dogs
5059,dogs
5060,dogs
5061,cats
5062,cats
5063,dogs
5064,dogs
5065,dogs
5066,cats
5067,cats
5068,dogs
5069,cats
5070,cats
5071,cats
5072,dogs
5073,cats
5074,cats
5075,dogs
5076,cats
5077,dogs
5078,cats
5079,cats
5080,cats
5081,dogs
5082,cats
5083,dogs
5084,dogs
5085,cats
5086,dogs
5087,dogs
5088,cats
5089,cats
5090,dogs
5091,dogs
5092,cats
5093,dogs
5094,dogs
5095,cats
5096,cats
5097,cats
5098,cats
5099,dogs
5100,cats
5101,dogs
5102,dogs
5103,cats
5104,cats
5105,dogs
5106,dogs
5107,cats
5108,cats
5109,dogs
5110,cats
5111,cats
5112,cats
5113,dogs
5114,cats
5115,cats
5116,dogs
5117,cats
5118,dogs
5119,dogs
5120,cats
5121,fish aquatic pets
5122,dogs
5123,cats
5124,dogs
5125,cats
5126,dogs
5127,cats
5128,cats
5129,dogs
5130,cats
5131,cats
5132,dogs
5133,dogs
5134,cats
5135,cats
5136,cats
5137,dogs
5138,dogs
5139,dogs
5140,cats
5141,dogs
5142,dogs
5143,cats
5144,cats
5145,dogs
5146,cats
5147,cats
5148,dogs
5149,dogs
5150,cats
5151,cats
5152,fish aquatic pets
5153,cats
5154,cats
5155,dogs
5156,cats
5157,cats
5158,dogs
5159,dogs
5160,cats
5161,cats
5162,dogs
5163,cats
5164,birds
5165,dogs
5166,dogs
5167,cats
5168,cats
5169,fish aquatic pets
5170,dogs
5171,cats
5172,cats
5173,cats
5174,cats
5175,dogs
5176,fish aquatic pets
5177,cats
5178,cats
5179,cats
5180,dogs
5181,dogs
5182,dogs
5183,dogs
5184,dogs
5185,dogs
5186,cats
5187,dogs
5188,cats
5189,cats
5190,cats
5191,cats
5192,cats
5193,dogs
5194,dogs
5195,dogs
5196,cats
5197,cats
5198,cats
5199,cats
5200,dogs
5201,cats
5202,dogs
5203,dogs
5204,dogs
5205,dogs
5206,dogs
5207,cats
5208,cats
5209,dogs
5210,birds
5211,cats
5212,dogs
5213,cats
5214,dogs
5215,cats
5216,cats
5217,cats
5218,cats
5219,dogs
5220,dogs
5221,cats
5222,dogs
5223,cats
5224,dogs
5225,dogs
5226,cats
5227,cats
5228,cats
5229,dogs
5230,cats
5231,dogs
5232,cats
5233,dogs
5234,dogs
5235,dogs
5236,dogs
5237,fish aquatic pets
5238,cats
5239,dogs
5240,cats
5241,cats
5242,dogs
5243,dogs
5244,dogs
5245,dogs
5246,dogs
5247,dogs
5248,dogs
5249,cats
5250,dogs
5251,dogs
5252,cats
5253,dogs
5254,cats
5255,cats
5256,dogs
5257,cats
5258,cats
5259,dogs
5260,cats
5261,cats
5262,cats
5263,dogs
5264,dogs
5265,dogs
5266,cats
5267,dogs
5268,dogs
5269,cats
5270,dogs
5271,dogs
5272,cats
5273,cats
5274,dogs
5275,dogs
5276,cats
5277,dogs
5278,fish aquatic pets
5279,cats
5280,cats
5281,dogs
5282,cats
5283,cats
5284,cats
5285,fish aquatic pets
5286,birds
5287,dogs
5288,dogs
5289,dogs
5290,cats
5291,fish aquatic pets
5292,cats
5293,bunny rabbit central
5294,cats
5295,dogs
5296,dogs
5297,dogs
5298,dogs
5299,dogs
5300,dogs
5301,cats
5302,cats
5303,cats
5304,cats
5305,dogs
5306,cats
5307,cats
5308,cats
5309,cats
5310,cats
5311,dogs
5312,dogs
5313,dogs
5314,dogs
5315,dogs
5316,dogs
5317,cats
5318,cats
5319,cats
5320,cats
5321,cats
5322,cats
5323,dogs
5324,dogs
5325,cats
5326,dogs
5327,dogs
5328,cats
5329,cats
5330,birds
5331,dogs
5332,dogs
5333,dogs
5334,cats
5335,dogs
5336,cats
5337,cats
5338,dogs
5339,dogs
5340,cats
5341,cats
5342,dogs
5343,dogs
5344,dogs
5345,dogs
5346,cats
5347,cats
5348,dogs
5349,cats
5350,cats
5351,cats
5352,dogs
5353,dogs
5354,cats
5355,cats
5356,cats
5357,dogs
5358,cats
5359,dogs
5360,dogs
5361,dogs
5362,cats
5363,fish aquatic pets
5364,cats
5365,dogs
5366,dogs
5367,cats
5368,dogs
5369,cats
5370,cats
5371,cats
5372,dogs
5373,dogs
5374,dogs
5375,fish aquatic pets
5376,cats
5377,dogs
5378,cats
5379,dogs
5380,cats
5381,dogs
5382,cats
5383,cats
5384,dogs
5385,dogs
5386,cats
5387,cats
5388,cats
5389,cats
5390,dogs
5391,dogs
5392,cats
5393,cats
5394,dogs
5395,dogs
5396,dogs
5397,cats
5398,cats
5399,dogs
5400,dogs
5401,dogs
5402,dogs
5403,dogs
5404,dogs
5405,dogs
5406,cats
5407,cats
5408,dogs
5409,fish aquatic pets
5410,cats
5411,cats
5412,cats
5413,dogs
5414,birds
5415,dogs
5416,cats
5417,cats
5418,dogs
5419,cats
5420,dogs
5421,dogs
5422,dogs
5423,dogs
5424,dogs
5425,dogs
5426,dogs
5427,dogs
5428,dogs
5429,dogs
5430,cats
5431,dogs
5432,cats
5433,dogs
5434,dogs
5435,dogs
5436,cats
5437,dogs
5438,dogs
5439,cats
5440,dogs
5441,cats
5442,dogs
5443,dogs
5444,dogs
5445,dogs
5446,dogs
5447,dogs
5448,dogs
5449,cats
5450,cats
5451,cats
5452,dogs
5453,dogs
5454,cats
5455,cats
5456,dogs
5457,dogs
5458,fish aquatic pets
5459,cats
5460,dogs
5461,cats
5462,dogs
5463,dogs
5464,cats
5465,cats
5466,dogs
5467,cats
5468,dogs
5469,cats
5470,dogs
5471,cats
5472,cats
5473,cats
5474,dogs
5475,dogs
5476,cats
5477,cats
5478,cats
5479,cats
5480,dogs
5481,dogs
5482,dogs
5483,dogs
5484,dogs
5485,dogs
5486,bunny rabbit central
5487,cats
5488,dogs
5489,cats
5490,cats
5491,dogs
5492,cats
5493,dogs
5494,dogs
5495,cats
5496,dogs
5497,cats
5498,cats
5499,dogs
5500,fish aquatic pets
5501,dogs
5502,cats
5503,dogs
5504,cats
5505,cats
5506,dogs
5507,cats
5508,cats
5509,dogs
5510,cats
5511,dogs
5512,cats
5513,cats
5514,dogs
5515,cats
5516,cats
5517,cats
5518,cats
5519,dogs
5520,cats
5521,fish aquatic pets
5522,dogs
5523,dogs
5524,dogs
5525,dogs
5526,cats
5527,cats
5528,cats
5529,cats
5530,dogs
5531,cats
5532,cats
5533,dogs
5534,dogs
5535,dogs
5536,dogs
5537,cats
5538,cats
5539,fish aquatic pets
5540,dogs
5541,cats
5542,dogs
5543,cats
5544,dogs
5545,dogs
5546,dogs
5547,dogs
5548,dogs
5549,cats
5550,dogs
5551,cats
5552,cats
5553,dogs
5554,dogs
5555,cats
5556,cats
5557,cats
5558,cats
5559,dogs
5560,cats
5561,dogs
5562,dogs
5563,dogs
5564,fish aquatic pets
5565,dogs
5566,cats
5567,cats
5568,cats
5569,dogs
5570,cats
5571,dogs
5572,dogs
5573,dogs
5574,dogs
5575,fish aquatic pets
5576,dogs
5577,dogs
5578,dogs
5579,dogs
5580,cats
5581,cats
5582,dogs
5583,cats
5584,cats
5585,cats
5586,cats
5587,dogs
5588,cats
5589,cats
5590,cats
5591,dogs
5592,dogs
5593,dogs
5594,cats
5595,cats
5596,cats
5597,cats
5598,cats
5599,dogs
5600,cats
5601,dogs
5602,dogs
5603,cats
5604,fish aquatic pets
5605,cats
5606,dogs
5607,cats
5608,dogs
5609,dogs
5610,cats
5611,dogs
5612,cats
5613,dogs
5614,dogs
5615,dogs
5616,dogs
5617,dogs
5618,cats
5619,dogs
5620,dogs
5621,cats
5622,dogs
5623,cats
5624,cats
5625,cats
5626,dogs
5627,cats
5628,fish aquatic pets
5629,dogs
5630,cats
5631,dogs
5632,cats
5633,cats
5634,dogs
5635,dogs
5636,dogs
5637,cats
5638,cats
5639,cats
5640,fish aquatic pets
5641,dogs
5642,dogs
5643,dogs
5644,dogs
5645,dogs
5646,cats
5647,dogs
5648,cats
5649,cats
5650,dogs
5651,birds
5652,dogs
5653,dogs
5654,cats
5655,dogs
5656,dogs
5657,cats
5658,cats
5659,cats
5660,cats
5661,dogs
5662,dogs
5663,cats
5664,cats
5665,dogs
5666,cats
5667,dogs
5668,cats
5669,cats
5670,dogs
5671,dogs
5672,dogs
5673,dogs
5674,dogs
5675,dogs
5676,cats
5677,cats
5678,dogs
5679,dogs
5680,fish aquatic pets
5681,dogs
5682,cats
5683,cats
5684,dogs
5685,dogs
5686,cats
5687,dogs
5688,dogs
5689,fish aquatic pets
5690,dogs
5691,dogs
5692,dogs
5693,cats
5694,dogs
5695,dogs
5696,cats
5697,cats
5698,dogs
5699,dogs
5700,dogs
5701,cats
5702,dogs
5703,dogs
5704,dogs
5705,dogs
5706,dogs
5707,dogs
5708,dogs
5709,dogs
5710,cats
5711,cats
5712,cats
5713,dogs
5714,dogs
5715,dogs
5716,dogs
5717,cats
5718,dogs
5719,cats
5720,cats
5721,cats
5722,dogs
5723,dogs
5724,dogs
5725,dogs
5726,cats
5727,dogs
5728,dogs
5729,dogs
5730,cats
5731,fish aquatic pets
5732,cats
5733,dogs
5734,cats
5735,dogs
5736,dogs
5737,dogs
5738,dogs
5739,dogs
5740,cats
5741,cats
5742,cats
5743,dogs
5744,dogs
5745,cats
5746,cats
5747,dogs
5748,dogs
5749,dogs
5750,dogs
5751,cats
5752,dogs
5753,dogs
5754,dogs
5755,fish aquatic pets
5756,cats
5757,cats
5758,fish aquatic pets
5759,dogs
5760,dogs
5761,dogs
5762,cats
5763,fish aquatic pets
5764,cats
5765,dogs
5766,dogs
5767,dogs
5768,cats
5769,cats
5770,dogs
5771,cats
5772,dogs
5773,cats
5774,dogs
5775,dogs
5776,dogs
5777,dogs
5778,dogs
5779,dogs
5780,dogs
5781,cats
5782,cats
5783,dogs
5784,cats
5785,dogs
5786,dogs
5787,dogs
5788,cats
5789,cats
5790,cats
5791,cats
5792,cats
5793,cats
5794,dogs
5795,dogs
5796,dogs
5797,dogs
5798,cats
5799,cats
5800,cats
5801,cats
5802,dogs
5803,dogs
5804,fish aquatic pets
5805,dogs
5806,cats
5807,dogs
5808,dogs
5809,dogs
5810,dogs
5811,cats
5812,dogs
5813,dogs
5814,cats
5815,dogs
5816,dogs
5817,cats
5818,dogs
5819,dogs
5820,cats
5821,cats
5822,dogs
5823,dogs
5824,cats
5825,dogs
5826,cats
5827,cats
5828,dogs
5829,dogs
5830,dogs
5831,dogs
5832,dogs
5833,dogs
5834,cats
5835,dogs
5836,cats
5837,dogs
5838,cats
5839,cats
5840,dogs
5841,cats
5842,cats
5843,cats
5844,dogs
5845,dogs
5846,cats
5847,cats
5848,dogs
5849,dogs
5850,cats
5851,dogs
5852,dogs
5853,dogs
5854,dogs
5855,fish aquatic pets
5856,cats
5857,dogs
5858,dogs
5859,dogs
5860,cats
5861,dogs
5862,cats
5863,dogs
5864,cats
5865,dogs
5866,cats
5867,cats
5868,dogs
5869,dogs
5870,cats
5871,dogs
5872,cats
5873,dogs
5874,cats
5875,cats
5876,small animals
5877,dogs
5878,cats
5879,dogs
5880,cats
5881,dogs
5882,dogs
5883,cats
5884,dogs
5885,cats
5886,cats
5887,cats
5888,dogs
5889,dogs
5890,dogs
5891,dogs
5892,cats
5893,cats
5894,dogs
5895,dogs
5896,cats
5897,dogs
5898,cats
5899,dogs
5900,dogs
5901,cats
5902,dogs
5903,dogs
5904,cats
5905,fish aquatic pets
5906,cats
5907,dogs
5908,cats
5909,dogs
5910,cats
5911,cats
5912,cats
5913,dogs
5914,dogs
5915,cats
5916,cats
5917,cats
5918,dogs
5919,dogs
5920,dogs
5921,dogs
5922,cats
5923,dogs
5924,cats
5925,dogs
5926,dogs
5927,cats
5928,cats
5929,cats
5930,cats
5931,cats
5932,dogs
5933,dogs
5934,dogs
5935,dogs
5936,birds
5937,cats
5938,dogs
5939,cats
5940,cats
5941,dogs
5942,dogs
5943,cats
5944,cats
5945,cats
5946,cats
5947,cats
5948,cats
5949,dogs
5950,dogs
5951,cats
5952,cats
5953,dogs
5954,dogs
5955,dogs
5956,dogs
5957,dogs
5958,fish aquatic pets
5959,cats
5960,cats
5961,dogs
5962,birds
5963,dogs
5964,cats
5965,dogs
5966,dogs
5967,dogs
5968,cats
5969,cats
5970,cats
5971,dogs
5972,dogs
5973,cats
5974,dogs
5975,dogs
5976,cats
5977,dogs
5978,dogs
5979,dogs
5980,dogs
5981,cats
5982,cats
5983,cats
5984,dogs
5985,cats
5986,cats
5987,cats
5988,dogs
5989,dogs
5990,cats
5991,cats
5992,dogs
5993,dogs
5994,dogs
5995,cats
5996,dogs
5997,fish aquatic pets
5998,dogs
5999,cats
6000,dogs
6001,dogs
6002,dogs
6003,cats
6004,cats
6005,dogs
6006,cats
6007,cats
6008,cats
6009,cats
6010,cats
6011,dogs
6012,dogs
6013,dogs
6014,cats
6015,cats
6016,dogs
6017,cats
6018,dogs
6019,cats
6020,dogs
6021,dogs
6022,cats
6023,cats
6024,dogs
6025,cats
6026,dogs
6027,cats
6028,cats
6029,dogs
6030,cats
6031,cats
6032,dogs
6033,dogs
6034,dogs
6035,dogs
6036,dogs
6037,dogs
6038,cats
6039,dogs
6040,dogs
6041,cats
6042,dogs
6043,cats
6044,dogs
6045,dogs
6046,dogs
6047,cats
6048,dogs
6049,dogs
6050,dogs
6051,fish aquatic pets
6052,dogs
6053,dogs
6054,cats
6055,cats
6056,dogs
6057,cats
6058,dogs
6059,cats
6060,dogs
6061,dogs
6062,cats
6063,dogs
6064,dogs
6065,dogs
6066,dogs
6067,cats
6068,cats
6069,cats
6070,dogs
6071,cats
6072,dogs
6073,cats
6074,cats
6075,dogs
6076,cats
6077,dogs
6078,dogs
6079,cats
6080,cats
6081,dogs
6082,cats
6083,dogs
6084,dogs
6085,dogs
6086,dogs
6087,dogs
6088,cats
6089,fish aquatic pets
6090,cats
6091,dogs
6092,cats
6093,cats
6094,cats
6095,dogs
6096,dogs
6097,cats
6098,cats
6099,cats
6100,cats
6101,cats
6102,dogs
6103,cats
6104,dogs
6105,cats
6106,cats
6107,dogs
6108,dogs
6109,cats
6110,cats
6111,cats
6112,cats
6113,dogs
6114,dogs
6115,dogs
6116,cats
6117,cats
6118,cats
6119,cats
6120,cats
6121,dogs
6122,dogs
6123,cats
6124,dogs
6125,dogs
6126,dogs
6127,cats
6128,dogs
6129,cats
6130,dogs
6131,dogs
6132,cats
6133,cats
6134,cats
6135,fish aquatic pets
6136,dogs
6137,cats
6138,dogs
6139,dogs
6140,dogs
6141,cats
6142,cats
6143,dogs
6144,dogs
6145,dogs
6146,cats
6147,cats
6148,cats
6149,cats
6150,dogs
6151,cats
6152,cats
6153,dogs
6154,cats
6155,dogs
6156,cats
6157,dogs
6158,cats
6159,dogs
6160,cats
6161,cats
6162,dogs
6163,dogs
6164,fish aquatic pets
6165,cats
6166,cats
6167,dogs
6168,cats
6169,dogs
6170,cats
6171,cats
6172,cats
6173,dogs
6174,cats
6175,fish aquatic pets
6176,dogs
6177,dogs
6178,cats
6179,fish aquatic pets
6180,dogs
6181,dogs
6182,dogs
6183,dogs
6184,dogs
6185,dogs
6186,dogs
6187,dogs
6188,dogs
6189,dogs
6190,cats
6191,fish aquatic pets
6192,dogs
6193,dogs
6194,dogs
6195,cats
6196,dogs
6197,fish aquatic pets
6198,cats
6199,dogs
6200,dogs
6201,cats
6202,cats
6203,dogs
6204,dogs
6205,dogs
6206,cats
6207,dogs
6208,dogs
6209,dogs
6210,cats
6211,dogs
6212,dogs
6213,dogs
6214,dogs
6215,dogs
6216,dogs
6217,dogs
6218,dogs
6219,cats
6220,cats
6221,cats
6222,cats
6223,dogs
6224,dogs
6225,dogs
6226,dogs
6227,cats
6228,dogs
6229,dogs
6230,cats
6231,cats
6232,dogs
6233,cats
6234,cats
6235,dogs
6236,dogs
6237,cats
6238,dogs
6239,cats
6240,dogs
6241,cats
6242,fish aquatic pets
6243,dogs
6244,dogs
6245,dogs
6246,cats
6247,dogs
6248,dogs
6249,cats
6250,cats
6251,dogs
6252,cats
6253,dogs
6254,cats
6255,dogs
6256,cats
6257,dogs
6258,dogs
6259,dogs
6260,cats
6261,dogs
6262,cats
6263,dogs
6264,dogs
6265,cats
6266,dogs
6267,cats
6268,cats
6269,dogs
6270,cats
6271,dogs
6272,dogs
6273,cats
6274,cats
6275,dogs
6276,dogs
6277,dogs
6278,cats
6279,dogs
6280,dogs
6281,dogs
6282,dogs
6283,cats
6284,cats
6285,dogs
6286,cats
6287,cats
6288,dogs
6289,dogs
6290,cats
6291,cats
6292,dogs
6293,dogs
6294,cats
6295,dogs
6296,cats
6297,cats
6298,dogs
6299,cats
6300,dogs
6301,dogs
6302,dogs
6303,cats
6304,dogs
6305,dogs
6306,cats
6307,dogs
6308,dogs
6309,dogs
6310,cats
6311,cats
6312,dogs
6313,dogs
6314,dogs
6315,dogs
6316,dogs
6317,dogs
6318,cats
6319,dogs
6320,dogs
6321,dogs
6322,cats
6323,cats
6324,dogs
6325,dogs
6326,dogs
6327,dogs
6328,dogs
6329,dogs
6330,fish aquatic pets
6331,cats
6332,dogs
6333,dogs
6334,dogs
6335,dogs
6336,dogs
6337,cats
6338,cats
6339,dogs
6340,cats
6341,cats
6342,dogs
6343,cats
6344,dogs
6345,cats
6346,cats
6347,dogs
6348,cats
6349,dogs
6350,cats
6351,fish aquatic pets
6352,dogs
6353,fish aquatic pets
6354,cats
6355,dogs
6356,dogs
6357,dogs
6358,dogs
6359,cats
6360,dogs
6361,dogs
6362,dogs
6363,cats
6364,dogs
6365,dogs
6366,cats
6367,dogs
6368,cats
6369,fish aquatic pets
6370,dogs
6371,dogs
6372,cats
6373,dogs
6374,fish aquatic pets
6375,cats
6376,dogs
6377,cats
6378,dogs
6379,cats
6380,cats
6381,dogs
6382,cats
6383,cats
6384,dogs
6385,dogs
6386,dogs
6387,dogs
6388,dogs
6389,dogs
6390,cats
6391,dogs
6392,dogs
6393,cats
6394,dogs
6395,dogs
6396,cats
6397,dogs
6398,cats
6399,dogs
6400,dogs
6401,cats
6402,dogs
6403,cats
6404,cats
6405,dogs
6406,cats
6407,cats
6408,dogs
6409,cats
6410,dogs
6411,cats
6412,cats
6413,cats
6414,dogs
6415,cats
6416,dogs
6417,dogs
6418,dogs
6419,dogs
6420,dogs
6421,cats
6422,fish aquatic pets
6423,cats
6424,cats
6425,dogs
6426,dogs
6427,dogs
6428,dogs
6429,dogs
6430,cats
6431,dogs
6432,cats
6433,cats
6434,dogs
6435,cats
6436,cats
6437,dogs
6438,bunny rabbit central
6439,cats
6440,dogs
6441,cats
6442,dogs
6443,dogs
6444,cats
6445,cats
6446,dogs
6447,cats
6448,cats
6449,dogs
6450,dogs
6451,dogs
6452,cats
6453,dogs
6454,cats
6455,fish aquatic pets
6456,dogs
6457,dogs
6458,cats
6459,cats
6460,cats
6461,dogs
6462,dogs
6463,cats
6464,dogs
6465,cats
6466,dogs
6467,cats
6468,cats
6469,dogs
6470,dogs
6471,cats
6472,cats
6473,dogs
6474,cats
6475,dogs
6476,cats
6477,cats
6478,cats
6479,dogs
6480,dogs
6481,cats
6482,cats
6483,dogs
6484,dogs
6485,dogs
6486,dogs
6487,dogs
6488,cats
6489,cats
6490,cats
6491,cats
6492,dogs
6493,cats
6494,cats
6495,dogs
6496,cats
6497,cats
6498,cats
6499,cats
6500,dogs
6501,cats
6502,cats
6503,dogs
6504,cats
6505,dogs
6506,dogs
6507,dogs
6508,cats
6509,cats
6510,cats
6511,dogs
6512,cats
6513,cats
6514,cats
6515,dogs
6516,dogs
6517,dogs
6518,dogs
6519,cats
6520,dogs
6521,cats
6522,dogs
6523,dogs
6524,cats
6525,cats
6526,cats
6527,cats
6528,dogs
6529,dogs
6530,dogs
6531,cats
6532,cats
6533,dogs
6534,cats
6535,fish aquatic pets
6536,dogs
6537,cats
6538,dogs
6539,cats
6540,dogs
6541,dogs
6542,dogs
6543,dogs
6544,cats
6545,cats
6546,cats
6547,birds
6548,dogs
6549,dogs
6550,dogs
6551,cats
6552,cats
6553,cats
6554,dogs
6555,dogs
6556,cats
6557,dogs
6558,cats
6559,dogs
6560,dogs
6561,cats
6562,dogs
6563,cats
6564,dogs
6565,dogs
6566,dogs
6567,dogs
6568,cats
6569,cats
6570,cats
6571,cats
6572,dogs
6573,dogs
6574,dogs
6575,dogs
6576,dogs
6577,dogs
6578,cats
6579,cats
6580,dogs
6581,dogs
6582,dogs
6583,dogs
6584,cats
6585,cats
6586,dogs
6587,dogs
6588,dogs
6589,cats
6590,dogs
6591,dogs
6592,cats
6593,cats
6594,dogs
6595,dogs
6596,dogs
6597,cats
6598,dogs
6599,cats
6600,cats
6601,dogs
6602,fish aquatic pets
6603,dogs
6604,cats
6605,cats
6606,cats
6607,cats
6608,dogs
6609,cats
6610,cats
6611,cats
6612,dogs
6613,cats
6614,birds
6615,dogs
6616,dogs
6617,dogs
6618,dogs
6619,cats
6620,dogs
6621,dogs
6622,dogs
6623,fish aquatic pets
6624,dogs
6625,cats
6626,dogs
6627,cats
6628,cats
6629,cats
6630,cats
6631,cats
6632,dogs
6633,dogs
6634,cats
6635,dogs
6636,dogs
6637,cats
6638,dogs
6639,cats
6640,dogs
6641,cats
6642,dogs
6643,cats
6644,cats
6645,dogs
6646,dogs
6647,dogs
6648,cats
6649,dogs
6650,cats
6651,cats
6652,dogs
6653,dogs
6654,dogs
6655,cats
6656,dogs
6657,dogs
6658,dogs
6659,fish aquatic pets
6660,dogs
6661,dogs
6662,dogs
6663,cats
6664,dogs
6665,dogs
6666,dogs
6667,dogs
6668,cats
6669,dogs
6670,dogs
6671,dogs
6672,dogs
6673,cats
6674,dogs
6675,fish aquatic pets
6676,fish aquatic pets
6677,cats
6678,dogs
6679,dogs
6680,cats
6681,cats
6682,dogs
6683,dogs
6684,dogs
6685,dogs
6686,dogs
6687,dogs
6688,dogs
6689,cats
6690,fish aquatic pets
6691,dogs
6692,cats
6693,dogs
6694,cats
6695,cats
6696,dogs
6697,cats
6698,dogs
6699,dogs
6700,cats
6701,cats
6702,dogs
6703,dogs
6704,dogs
6705,fish aquatic pets
6706,dogs
6707,dogs
6708,cats
6709,dogs
6710,cats
6711,dogs
6712,cats
6713,cats
6714,dogs
6715,dogs
6716,cats
6717,cats
6718,cats
6719,cats
6720,dogs
6721,dogs
6722,dogs
6723,dogs
6724,dogs
6725,dogs
6726,dogs
6727,cats
6728,dogs
6729,cats
6730,dogs
6731,cats
6732,cats
6733,dogs
6734,cats
6735,cats
6736,dogs
6737,dogs
6738,dogs
6739,dogs
6740,cats
6741,dogs
6742,dogs
6743,dogs
6744,dogs
6745,cats
6746,dogs
6747,dogs
6748,dogs
6749,cats
6750,cats
6751,cats
6752,dogs
6753,dogs
6754,dogs
6755,dogs
6756,dogs
6757,dogs
6758,dogs
6759,cats
6760,cats
6761,dogs
6762,dogs
6763,cats
6764,cats
6765,cats
6766,dogs
6767,dogs
6768,dogs
6769,cats
6770,cats
6771,cats
6772,cats
6773,dogs
6774,cats
6775,dogs
6776,cats
6777,dogs
6778,cats
6779,cats
6780,dogs
6781,dogs
6782,dogs
6783,cats
6784,dogs
6785,cats
6786,dogs
6787,cats
6788,cats
6789,dogs
6790,cats
6791,dogs
6792,dogs
6793,cats
6794,dogs
6795,dogs
6796,fish aquatic pets
6797,cats
6798,cats
6799,cats
6800,dogs
6801,cats
6802,cats
6803,cats
6804,dogs
6805,dogs
6806,dogs
6807,dogs
6808,cats
6809,cats
6810,dogs
6811,cats
6812,fish aquatic pets
6813,cats
6814,dogs
6815,dogs
6816,dogs
6817,cats
6818,dogs
6819,dogs
6820,cats
6821,dogs
6822,cats
6823,cats
6824,cats
6825,cats
6826,dogs
6827,dogs
6828,cats
6829,cats
6830,dogs
6831,cats
6832,cats
6833,dogs
6834,cats
6835,dogs
6836,cats
6837,dogs
6838,cats
6839,dogs
6840,dogs
6841,dogs
6842,birds
6843,cats
6844,cats
6845,cats
6846,dogs
6847,dogs
6848,cats
6849,dogs
6850,cats
6851,cats
6852,dogs
6853,cats
6854,dogs
6855,dogs
6856,cats
6857,cats
6858,cats
6859,cats
6860,cats
6861,dogs
6862,dogs
6863,dogs
6864,cats
6865,cats
6866,dogs
6867,dogs
6868,dogs
6869,dogs
6870,dogs
6871,dogs
6872,dogs
6873,cats
6874,dogs
6875,dogs
6876,cats
6877,cats
6878,cats
6879,dogs
6880,cats
6881,dogs
6882,cats
6883,dogs
6884,dogs
6885,cats
6886,dogs
6887,dogs
6888,dogs
6889,dogs
6890,cats
6891,dogs
6892,dogs
6893,dogs
6894,cats
6895,dogs
6896,dogs
6897,dogs
6898,cats
6899,cats
6900,dogs
6901,cats
6902,dogs
6903,fish aquatic pets
6904,cats
6905,cats
6906,dogs
6907,cats
6908,cats
6909,dogs
6910,dogs
6911,dogs
6912,dogs
6913,cats
6914,cats
6915,cats
6916,dogs
6917,cats
6918,cats
6919,cats
6920,dogs
6921,dogs
6922,fish aquatic pets
6923,cats
6924,cats
6925,cats
6926,dogs
6927,dogs
6928,dogs
6929,cats
6930,dogs
6931,dogs
6932,cats
6933,cats
6934,dogs
6935,cats
6936,dogs
6937,cats
6938,cats
6939,fish aquatic pets
6940,dogs
6941,cats
6942,cats
6943,dogs
6944,dogs
6945,dogs
6946,cats
6947,cats
6948,cats
6949,cats
6950,dogs
6951,dogs
6952,dogs
6953,dogs
6954,dogs
6955,cats
6956,dogs
6957,dogs
6958,dogs
6959,dogs
6960,dogs
6961,cats
6962,fish aquatic pets
6963,dogs
6964,dogs
6965,cats
6966,cats
6967,dogs
6968,cats
6969,cats
6970,dogs
6971,cats
6972,dogs
6973,dogs
6974,dogs
6975,dogs
6976,dogs
6977,dogs
6978,cats
6979,cats
6980,cats
6981,dogs
6982,cats
6983,cats
6984,fish aquatic pets
6985,cats
6986,cats
6987,dogs
6988,cats
6989,dogs
6990,dogs
6991,dogs
6992,dogs
6993,cats
6994,fish aquatic pets
6995,dogs
6996,dogs
6997,dogs
6998,cats
6999,cats
7000,dogs
7001,dogs
7002,dogs
7003,dogs
7004,dogs
7005,dogs
7006,dogs
7007,cats
7008,dogs
7009,dogs
7010,cats
7011,cats
7012,cats
7013,dogs
7014,fish aquatic pets
7015,dogs
7016,dogs
7017,dogs
7018,dogs
7019,dogs
7020,dogs
7021,dogs
7022,cats
7023,dogs
7024,birds
7025,cats
7026,cats
7027,dogs
7028,dogs
7029,dogs
7030,dogs
7031,dogs
7032,dogs
7033,dogs
7034,dogs
7035,dogs
7036,cats
7037,dogs
7038,dogs
7039,dogs
7040,dogs
7041,cats
7042,cats
7043,cats
7044,cats
7045,cats
7046,cats
7047,cats
7048,cats
7049,cats
7050,cats
7051,cats
7052,cats
7053,dogs
7054,cats
7055,cats
7056,dogs
7057,cats
7058,dogs
7059,dogs
7060,dogs
7061,cats
7062,cats
7063,dogs
7064,dogs
7065,dogs
7066,dogs
7067,dogs
7068,dogs
7069,cats
7070,cats
7071,dogs
7072,cats
7073,cats
7074,cats
7075,cats
7076,cats
7077,cats
7078,dogs
7079,cats
7080,dogs
7081,dogs
7082,dogs
7083,dogs
7084,cats
7085,cats
7086,dogs
7087,dogs
7088,dogs
7089,cats
7090,cats
7091,cats
7092,dogs
7093,dogs
7094,dogs
7095,dogs
7096,cats
7097,dogs
7098,cats
7099,cats
7100,cats
7101,dogs
7102,dogs
7103,dogs
7104,dogs
7105,fish aquatic pets
7106,dogs
7107,dogs
7108,cats
7109,dogs
7110,dogs
7111,cats
7112,cats
7113,cats
7114,dogs
7115,cats
7116,dogs
7117,cats
7118,fish aquatic pets
7119,cats
7120,cats
7121,dogs
7122,dogs
7123,cats
7124,dogs
7125,dogs
7126,dogs
7127,dogs
7128,cats
7129,dogs
7130,cats
7131,dogs
7132,fish aquatic pets
7133,cats
7134,dogs
7135,dogs
7136,dogs
7137,cats
7138,cats
7139,dogs
7140,dogs
7141,cats
7142,cats
7143,dogs
7144,cats
7145,cats
7146,dogs
7147,dogs
7148,dogs
7149,dogs
7150,dogs
7151,dogs
7152,dogs
7153,cats
7154,dogs
7155,dogs
7156,dogs
7157,dogs
7158,dogs
7159,dogs
7160,cats
7161,cats
7162,cats
7163,dogs
7164,cats
7165,cats
7166,dogs
7167,cats
7168,fish aquatic pets
7169,cats
7170,dogs
7171,cats
7172,dogs
7173,cats
7174,cats
7175,dogs
7176,dogs
7177,dogs
7178,dogs
7179,cats
7180,dogs
7181,dogs
7182,cats
7183,dogs
7184,cats
7185,cats
7186,dogs
7187,dogs
7188,dogs
7189,dogs
7190,dogs
7191,cats
7192,cats
7193,dogs
7194,dogs
7195,dogs
7196,dogs
7197,cats
7198,cats
7199,cats
7200,cats
7201,cats
7202,cats
7203,cats
7204,dogs
7205,cats
7206,cats
7207,dogs
7208,cats
7209,cats
7210,dogs
7211,cats
7212,cats
7213,dogs
7214,cats
7215,cats
7216,dogs
7217,dogs
7218,cats
7219,cats
7220,cats
7221,cats
7222,dogs
7223,cats
7224,dogs
7225,cats
7226,dogs
7227,cats
7228,dogs
7229,dogs
7230,dogs
7231,dogs
7232,dogs
7233,cats
7234,dogs
7235,dogs
7236,cats
7237,cats
7238,cats
7239,dogs
7240,dogs
7241,dogs
7242,dogs
7243,dogs
7244,cats
7245,dogs
7246,cats
7247,dogs
7248,dogs
7249,dogs
7250,cats
7251,dogs
7252,dogs
7253,dogs
7254,cats
7255,dogs
7256,dogs
7257,dogs
7258,dogs
7259,dogs
7260,dogs
7261,dogs
7262,dogs
7263,dogs
7264,dogs
7265,dogs
7266,cats
7267,cats
7268,dogs
7269,dogs
7270,dogs
7271,cats
7272,dogs
7273,fish aquatic pets
7274,dogs
7275,dogs
7276,dogs
7277,dogs
7278,dogs
7279,dogs
7280,dogs
7281,dogs
7282,dogs
7283,cats
7284,dogs
7285,dogs
7286,cats
7287,dogs
7288,cats
7289,dogs
7290,cats
7291,dogs
7292,cats
7293,dogs
7294,dogs
7295,cats
7296,cats
7297,dogs
7298,dogs
7299,dogs
7300,dogs
7301,cats
7302,dogs
7303,cats
7304,cats
7305,dogs
7306,cats
7307,dogs
7308,dogs
7309,dogs
7310,cats
7311,dogs
7312,cats
7313,cats
7314,dogs
7315,dogs
7316,cats
7317,cats
7318,cats
7319,cats
7320,dogs
7321,cats
7322,dogs
7323,dogs
7324,dogs
7325,fish aquatic pets
7326,dogs
7327,cats
7328,fish aquatic pets
7329,cats
7330,dogs
7331,dogs
7332,cats
7333,dogs
7334,cats
7335,cats
7336,dogs
7337,dogs
7338,dogs
7339,dogs
7340,dogs
7341,cats
7342,dogs
7343,cats
7344,cats
7345,dogs
7346,cats
7347,cats
7348,dogs
7349,dogs
7350,cats
7351,dogs
7352,dogs
7353,dogs
7354,fish aquatic pets
7355,cats
7356,cats
7357,cats
7358,dogs
7359,cats
7360,cats
7361,cats
7362,cats
7363,cats
7364,cats
7365,cats
7366,cats
7367,dogs
7368,cats
7369,cats
7370,dogs
7371,dogs
7372,birds
7373,cats
7374,dogs
7375,cats
7376,dogs
7377,cats
7378,bunny rabbit central
7379,cats
7380,cats
7381,dogs
7382,dogs
7383,dogs
7384,dogs
7385,cats
7386,cats
7387,cats
7388,fish aquatic pets
7389,dogs
7390,dogs
7391,dogs
7392,dogs
7393,dogs
7394,cats
7395,dogs
7396,cats
7397,cats
7398,dogs
7399,cats
7400,cats
7401,dogs
7402,cats
7403,cats
7404,fish aquatic pets
7405,cats
7406,dogs
7407,dogs
7408,cats
7409,dogs
7410,cats
7411,dogs
7412,dogs
7413,cats
7414,dogs
7415,cats
7416,dogs
7417,dogs
7418,cats
7419,dogs
7420,dogs
7421,cats
7422,dogs
7423,cats
7424,dogs
7425,dogs
7426,dogs
7427,cats
7428,cats
7429,dogs
7430,dogs
7431,dogs
7432,dogs
7433,dogs
7434,cats
7435,dogs
7436,dogs
7437,cats
7438,cats
7439,dogs
7440,cats
7441,dogs
7442,cats
7443,cats
7444,cats
7445,dogs
7446,dogs
7447,cats
7448,dogs
7449,dogs
7450,dogs
7451,dogs
7452,cats
7453,cats
7454,cats
7455,cats
7456,cats
7457,dogs
7458,cats
7459,dogs
7460,dogs
7461,cats
7462,cats
7463,cats
7464,dogs
7465,dogs
7466,cats
7467,dogs
7468,fish aquatic pets
7469,dogs
7470,cats
7471,cats
7472,dogs
7473,dogs
7474,dogs
7475,cats
7476,dogs
7477,cats
7478,cats
7479,dogs
7480,dogs
7481,dogs
7482,cats
7483,dogs
7484,dogs
7485,cats
7486,dogs
7487,dogs
7488,cats
7489,cats
7490,dogs
7491,dogs
7492,dogs
7493,dogs
7494,cats
7495,dogs
7496,cats
7497,cats
7498,cats
7499,cats
7500,dogs
7501,cats
7502,cats
7503,cats
7504,dogs
7505,dogs
7506,dogs
7507,dogs
7508,cats
7509,dogs
7510,cats
7511,dogs
7512,dogs
7513,cats
7514,dogs
7515,cats
7516,fish aquatic pets
7517,cats
7518,dogs
7519,dogs
7520,cats
7521,dogs
7522,cats
7523,cats
7524,cats
7525,dogs
7526,dogs
7527,cats
7528,dogs
7529,cats
7530,cats
7531,cats
7532,dogs
7533,dogs
7534,dogs
7535,cats
7536,dogs
7537,cats
7538,dogs
7539,cats
7540,dogs
7541,dogs
7542,cats
7543,dogs
7544,dogs
7545,dogs
7546,cats
7547,dogs
7548,cats
7549,fish aquatic pets
7550,cats
7551,cats
7552,cats
7553,cats
7554,dogs
7555,dogs
7556,dogs
7557,cats
7558,dogs
7559,cats
7560,dogs
7561,birds
7562,cats
7563,dogs
7564,dogs
7565,cats
7566,dogs
7567,dogs
7568,dogs
7569,cats
7570,cats
7571,dogs
7572,dogs
7573,dogs
7574,dogs
7575,dogs
7576,cats
7577,dogs
7578,cats
7579,cats
7580,dogs
7581,cats
7582,cats
7583,dogs
7584,cats
7585,dogs
7586,dogs
7587,dogs
7588,cats
7589,cats
7590,cats
7591,dogs
7592,dogs
7593,dogs
7594,cats
7595,dogs
7596,cats
7597,dogs
7598,dogs
7599,dogs
7600,cats
7601,fish aquatic pets
7602,cats
7603,dogs
7604,dogs
7605,cats
7606,dogs
7607,cats
7608,cats
7609,dogs
7610,cats
7611,cats
7612,dogs
7613,dogs
7614,cats
7615,fish aquatic pets
7616,dogs
7617,dogs
7618,dogs
7619,fish aquatic pets
7620,dogs
7621,cats
7622,dogs
7623,dogs
7624,dogs
7625,dogs
7626,dogs
7627,dogs
7628,cats
7629,dogs
7630,cats
7631,cats
7632,dogs
7633,cats
7634,dogs
7635,cats
7636,cats
7637,cats
7638,dogs
7639,cats
7640,dogs
7641,cats
7642,dogs
7643,dogs
7644,dogs
7645,cats
7646,cats
7647,cats
7648,dogs
7649,small animals
7650,fish aquatic pets
7651,dogs
7652,dogs
7653,cats
7654,cats
7655,dogs
7656,cats
7657,bunny rabbit central
7658,cats
7659,dogs
7660,cats
7661,dogs
7662,dogs
7663,dogs
7664,cats
7665,fish aquatic pets
7666,cats
7667,dogs
7668,cats
7669,cats
7670,cats
7671,dogs
7672,dogs
7673,dogs
7674,dogs
7675,dogs
7676,dogs
7677,dogs
7678,cats
7679,birds
7680,cats
7681,cats
7682,cats
7683,dogs
7684,dogs
7685,cats
7686,cats
7687,dogs
7688,cats
7689,dogs
7690,cats
7691,cats
7692,cats
7693,cats
7694,cats
7695,dogs
7696,cats
7697,cats
7698,cats
7699,dogs
7700,cats
7701,dogs
7702,dogs
7703,dogs
7704,cats
7705,cats
7706,cats
7707,dogs
7708,dogs
7709,cats
7710,cats
7711,cats
7712,dogs
7713,cats
7714,dogs
7715,cats
7716,cats
7717,cats
7718,dogs
7719,cats
7720,cats
7721,cats
7722,dogs
7723,dogs
7724,dogs
7725,cats
7726,dogs
7727,dogs
7728,dogs
7729,dogs
7730,dogs
7731,cats
7732,cats
7733,dogs
7734,dogs
7735,dogs
7736,dogs
7737,cats
7738,dogs
7739,cats
7740,dogs
7741,cats
7742,cats
7743,cats
7744,dogs
7745,cats
7746,dogs
7747,cats
7748,dogs
7749,dogs
7750,cats
7751,fish aquatic pets
7752,dogs
7753,cats
7754,cats
7755,dogs
7756,dogs
7757,cats
7758,dogs
7759,cats
7760,dogs
7761,dogs
7762,dogs
7763,dogs
7764,dogs
7765,cats
7766,dogs
7767,birds
7768,dogs
7769,birds
7770,dogs
7771,dogs
7772,dogs
7773,cats
7774,fish aquatic pets
7775,cats
7776,dogs
7777,dogs
7778,cats
7779,dogs
7780,cats
7781,cats
7782,cats
7783,cats
7784,cats
7785,dogs
7786,dogs
7787,dogs
7788,cats
7789,cats
7790,dogs
7791,cats
7792,dogs
7793,cats
7794,cats
7795,cats
7796,cats
7797,dogs
7798,dogs
7799,cats
7800,cats
7801,cats
7802,cats
7803,dogs
7804,dogs
7805,cats
7806,cats
7807,dogs
7808,dogs
7809,dogs
7810,dogs
7811,dogs
7812,dogs
7813,dogs
7814,dogs
7815,cats
7816,cats
7817,cats
7818,dogs
7819,cats
7820,dogs
7821,dogs
7822,cats
7823,cats
7824,dogs
7825,dogs
7826,cats
7827,dogs
7828,dogs
7829,dogs
7830,dogs
7831,dogs
7832,dogs
7833,dogs
7834,dogs
7835,cats
7836,dogs
7837,dogs
7838,dogs
7839,dogs
7840,dogs
7841,dogs
7842,cats
7843,cats
7844,dogs
7845,dogs
7846,cats
7847,dogs
7848,dogs
7849,dogs
7850,dogs
7851,dogs
7852,cats
7853,cats
7854,cats
7855,cats
7856,cats
7857,cats
7858,dogs
7859,cats
7860,cats
7861,dogs
7862,cats
7863,cats
7864,dogs
7865,cats
7866,dogs
7867,cats
7868,cats
7869,dogs
7870,cats
7871,fish aquatic pets
7872,cats
7873,fish aquatic pets
7874,dogs
7875,cats
7876,cats
7877,dogs
7878,dogs
7879,dogs
7880,cats
7881,dogs
7882,cats
7883,cats
7884,dogs
7885,cats
7886,dogs
7887,dogs
7888,dogs
7889,dogs
7890,dogs
7891,dogs
7892,dogs
7893,dogs
7894,fish aquatic pets
7895,cats
7896,dogs
7897,cats
7898,dogs
7899,dogs
7900,dogs
7901,dogs
7902,cats
7903,dogs
7904,dogs
7905,dogs
7906,dogs
7907,cats
7908,dogs
7909,cats
7910,dogs
7911,fish aquatic pets
7912,cats
7913,fish aquatic pets
7914,cats
7915,cats
7916,cats
7917,dogs
7918,dogs
7919,dogs
7920,dogs
7921,dogs
7922,dogs
7923,dogs
7924,cats
7925,dogs
7926,cats
7927,cats
7928,dogs
7929,dogs
7930,dogs
7931,dogs
7932,dogs
7933,cats
7934,birds
7935,cats
7936,dogs
7937,cats
7938,dogs
7939,dogs
7940,dogs
7941,cats
7942,dogs
7943,dogs
7944,cats
7945,dogs
7946,dogs
7947,cats
7948,dogs
7949,dogs
7950,cats
7951,dogs
7952,cats
7953,dogs
7954,cats
7955,cats
7956,dogs
7957,dogs
7958,dogs
7959,dogs
7960,cats
7961,dogs
7962,dogs
7963,cats
7964,dogs
7965,dogs
7966,dogs
7967,cats
7968,dogs
7969,dogs
7970,dogs
7971,cats
7972,dogs
7973,cats
7974,fish aquatic pets
7975,dogs
7976,cats
7977,dogs
7978,dogs
7979,dogs
7980,dogs
7981,cats
7982,cats
7983,dogs
7984,dogs
7985,dogs
7986,cats
7987,cats
7988,cats
7989,dogs
7990,dogs
7991,dogs
7992,cats
7993,cats
7994,dogs
7995,cats
7996,cats
7997,fish aquatic pets
7998,dogs
7999,fish aquatic pets
8000,dogs
8001,dogs
8002,cats
8003,dogs
8004,dogs
8005,cats
8006,cats
8007,fish aquatic pets
8008,cats
8009,dogs
8010,cats
8011,dogs
8012,dogs
8013,dogs
8014,cats
8015,cats
8016,cats
8017,dogs
8018,cats
8019,dogs
8020,dogs
8021,fish aquatic pets
8022,fish aquatic pets
8023,cats
8024,cats
8025,dogs
8026,cats
8027,cats
8028,dogs
8029,dogs
8030,dogs
8031,dogs
8032,dogs
8033,dogs
8034,cats
8035,dogs
8036,cats
8037,cats
8038,dogs
8039,cats
8040,cats
8041,dogs
8042,dogs
8043,dogs
8044,cats
8045,cats
8046,cats
8047,cats
8048,cats
8049,dogs
8050,cats
8051,fish aquatic pets
8052,cats
8053,cats
8054,cats
8055,cats
8056,dogs
8057,dogs
8058,cats
8059,cats
8060,cats
8061,cats
8062,fish aquatic pets
8063,dogs
8064,cats
8065,cats
8066,cats
8067,cats
8068,cats
8069,dogs
8070,dogs
8071,dogs
8072,dogs
8073,cats
8074,dogs
8075,dogs
8076,dogs
8077,cats
8078,dogs
8079,cats
8080,cats
8081,dogs
8082,dogs
8083,dogs
8084,dogs
8085,dogs
8086,dogs
8087,cats
8088,cats
8089,dogs
8090,cats
8091,dogs
8092,dogs
8093,dogs
8094,dogs
8095,cats
8096,cats
8097,cats
8098,dogs
8099,cats
8100,dogs
8101,cats
8102,cats
8103,cats
8104,cats
8105,cats
8106,cats
8107,cats
8108,dogs
8109,dogs
8110,dogs
8111,dogs
8112,dogs
8113,cats
8114,fish aquatic pets
8115,fish aquatic pets
8116,cats
8117,dogs
8118,dogs
8119,cats
8120,dogs
8121,dogs
8122,dogs
8123,dogs
8124,dogs
8125,cats
8126,dogs
8127,dogs
8128,birds
8129,cats
8130,cats
8131,dogs
8132,dogs
8133,cats
8134,fish aquatic pets
8135,cats
8136,dogs
8137,dogs
8138,cats
8139,dogs
8140,cats
8141,fish aquatic pets
8142,cats
8143,dogs
8144,dogs
8145,dogs
8146,dogs
8147,dogs
8148,dogs
8149,cats
8150,dogs
8151,dogs
8152,dogs
8153,cats
8154,dogs
8155,cats
8156,cats
8157,dogs
8158,fish aquatic pets
8159,dogs
8160,dogs
8161,dogs
8162,cats
8163,dogs
8164,dogs
8165,dogs
8166,dogs
8167,dogs
8168,cats
8169,cats
8170,cats
8171,cats
8172,dogs
8173,dogs
8174,cats
8175,cats
8176,dogs
8177,dogs
8178,dogs
8179,dogs
8180,dogs
8181,cats
8182,cats
8183,cats
8184,dogs
8185,cats
8186,cats
8187,dogs
8188,fish aquatic pets
8189,dogs
8190,dogs
8191,dogs
8192,cats
8193,bunny rabbit central
8194,cats
8195,dogs
8196,dogs
8197,cats
8198,cats
8199,dogs
8200,cats
8201,cats
8202,dogs
8203,dogs
8204,cats
8205,dogs
8206,cats
8207,cats
8208,dogs
8209,cats
8210,cats
8211,cats
8212,dogs
8213,cats
8214,dogs
8215,dogs
8216,dogs
8217,dogs
8218,dogs
8219,dogs
8220,dogs
8221,dogs
8222,cats
8223,cats
8224,dogs
8225,cats
8226,dogs
8227,cats
8228,cats
8229,dogs
8230,dogs
8231,dogs
8232,dogs
8233,dogs
8234,dogs
8235,cats
8236,cats
8237,dogs
8238,dogs
8239,cats
8240,dogs
8241,cats
8242,cats
8243,dogs
8244,dogs
8245,dogs
8246,cats
8247,dogs
8248,cats
8249,fish aquatic pets
8250,cats
8251,cats
8252,cats
8253,dogs
8254,cats
8255,cats
8256,cats
8257,dogs
8258,cats
8259,fish aquatic pets
8260,dogs
8261,dogs
8262,cats
8263,cats
8264,cats
8265,cats
8266,dogs
8267,dogs
8268,dogs
8269,cats
8270,dogs
8271,dogs
8272,dogs
8273,cats
8274,dogs
8275,dogs
8276,dogs
8277,dogs
8278,dogs
8279,cats
8280,dogs
8281,cats
8282,cats
8283,dogs
8284,cats
8285,dogs
8286,dogs
8287,cats
8288,cats
8289,cats
8290,dogs
8291,dogs
8292,cats
8293,cats
8294,dogs
8295,dogs
8296,cats
8297,dogs
8298,cats
8299,cats
8300,dogs
8301,dogs
8302,dogs
8303,dogs
8304,dogs
8305,dogs
8306,cats
8307,dogs
8308,cats
8309,cats
8310,cats
8311,dogs
8312,dogs
8313,dogs
8314,dogs
8315,cats
8316,cats
8317,cats
8318,cats
8319,dogs
8320,dogs
8321,cats
8322,dogs
8323,dogs
8324,cats
8325,cats
8326,cats
8327,cats
8328,cats
8329,dogs
8330,dogs
8331,dogs
8332,dogs
8333,cats
8334,cats
8335,dogs
8336,fish aquatic pets
8337,fish aquatic pets
8338,cats
8339,dogs
8340,dogs
8341,cats
8342,cats
8343,dogs
8344,dogs
8345,cats
8346,dogs
8347,dogs
8348,dogs
8349,dogs
8350,dogs
8351,cats
8352,dogs
8353,cats
8354,dogs
8355,cats
8356,cats
8357,cats
8358,cats
8359,cats
8360,dogs
8361,cats
8362,dogs
8363,dogs
8364,dogs
8365,cats
8366,dogs
8367,dogs
8368,dogs
8369,dogs
8370,dogs
8371,dogs
8372,dogs
8373,cats
8374,dogs
8375,fish aquatic pets
8376,dogs
8377,dogs
8378,dogs
8379,cats
8380,cats
8381,cats
8382,dogs
8383,dogs
8384,dogs
8385,dogs
8386,cats
8387,dogs
8388,dogs
8389,cats
8390,cats
8391,cats
8392,dogs
8393,dogs
8394,dogs
8395,cats
8396,dogs
8397,cats
8398,dogs
8399,cats
8400,cats
8401,cats
8402,cats
8403,dogs
8404,dogs
8405,cats
8406,cats
8407,cats
8408,dogs
8409,cats
8410,dogs
8411,cats
8412,dogs
8413,dogs
8414,fish aquatic pets
8415,cats
8416,cats
8417,cats
8418,dogs
8419,cats
8420,dogs
8421,dogs
8422,dogs
8423,dogs
8424,dogs
8425,cats
8426,dogs
8427,cats
8428,cats
8429,dogs
8430,dogs
8431,dogs
8432,fish aquatic pets
8433,dogs
8434,cats
8435,dogs
8436,dogs
8437,dogs
8438,cats
8439,dogs
8440,cats
8441,dogs
8442,dogs
8443,cats
8444,dogs
8445,dogs
8446,cats
8447,dogs
8448,cats
8449,dogs
8450,dogs
8451,cats
8452,dogs
8453,cats
8454,cats
8455,dogs
8456,cats
8457,dogs
8458,cats
8459,cats
8460,dogs
8461,dogs
8462,cats
8463,dogs
8464,cats
8465,dogs
8466,dogs
8467,dogs
8468,cats
8469,dogs
8470,cats
8471,dogs
8472,dogs
8473,cats
8474,cats
8475,dogs
8476,dogs
8477,dogs
8478,cats
8479,dogs
8480,dogs
8481,cats
8482,dogs
8483,cats
8484,cats
8485,dogs
8486,dogs
8487,dogs
8488,cats
8489,dogs
8490,dogs
8491,dogs
8492,cats
8493,dogs
8494,cats
8495,dogs
8496,cats
8497,cats
8498,dogs
8499,cats
8500,cats
8501,dogs
8502,cats
8503,cats
8504,dogs
8505,cats
8506,cats
8507,fish aquatic pets
8508,cats
8509,dogs
8510,cats
8511,cats
8512,cats
8513,cats
8514,dogs
8515,dogs
8516,cats
8517,cats
8518,dogs
8519,dogs
8520,fish aquatic pets
8521,dogs
8522,cats
8523,cats
8524,cats
8525,dogs
8526,cats
8527,dogs
8528,cats
8529,dogs
8530,dogs
8531,fish aquatic pets
8532,dogs
8533,dogs
8534,dogs
8535,cats
8536,cats
8537,cats
8538,dogs
8539,cats
8540,dogs
8541,dogs
8542,fish aquatic pets
8543,cats
8544,cats
8545,dogs
8546,dogs
8547,cats
8548,fish aquatic pets
8549,dogs
8550,cats
8551,cats
8552,cats
8553,cats
8554,dogs
8555,dogs
8556,dogs
8557,dogs
8558,cats
8559,dogs
8560,dogs
8561,dogs
8562,dogs
8563,dogs
8564,fish aquatic pets
8565,dogs
8566,cats
8567,cats
8568,cats
8569,dogs
8570,cats
8571,dogs
8572,cats
8573,cats
8574,cats
8575,cats
8576,cats
8577,dogs
8578,cats
8579,dogs
8580,dogs
8581,cats
8582,dogs
8583,dogs
8584,cats
8585,cats
8586,dogs
8587,cats
8588,cats
8589,cats
8590,cats
8591,cats
8592,dogs
8593,dogs
8594,dogs
8595,dogs
8596,cats
8597,dogs
8598,cats
8599,dogs
8600,cats
8601,cats
8602,cats
8603,dogs
8604,cats
8605,cats
8606,cats
8607,cats
8608,cats
8609,dogs
8610,dogs
8611,fish aquatic pets
8612,cats
8613,dogs
8614,cats
8615,cats
8616,cats
8617,dogs
8618,cats
8619,cats
8620,dogs
8621,dogs
8622,dogs
8623,cats
8624,cats
8625,dogs
8626,dogs
8627,dogs
8628,cats
8629,dogs
8630,cats
8631,cats
8632,fish aquatic pets
8633,cats
8634,dogs
8635,dogs
8636,cats
8637,cats
8638,cats
8639,dogs
8640,dogs
8641,dogs
8642,cats
8643,cats
8644,dogs
8645,dogs
8646,fish aquatic pets
8647,dogs
8648,dogs
8649,dogs
8650,cats
8651,dogs
8652,dogs
8653,dogs
8654,dogs
8655,cats
8656,cats
8657,dogs
8658,dogs
8659,cats
8660,cats
8661,cats
8662,dogs
8663,dogs
8664,cats
8665,dogs
8666,fish aquatic pets
8667,cats
8668,dogs
8669,dogs
8670,cats
8671,dogs
8672,dogs
8673,dogs
8674,dogs
8675,cats
8676,dogs
8677,dogs
8678,cats
8679,cats
8680,cats
8681,cats
8682,dogs
8683,dogs
8684,dogs
8685,cats
8686,fish aquatic pets
8687,dogs
8688,cats
8689,cats
8690,dogs
8691,cats
8692,cats
8693,dogs
8694,dogs
8695,dogs
8696,dogs
8697,cats
8698,cats
8699,cats
8700,cats
8701,dogs
8702,dogs
8703,dogs
8704,cats
8705,cats
8706,cats
8707,dogs
8708,dogs
8709,dogs
8710,cats
8711,dogs
8712,cats
8713,dogs
8714,dogs
8715,dogs
8716,cats
8717,dogs
8718,cats
8719,fish aquatic pets
8720,cats
8721,cats
8722,cats
8723,cats
8724,cats
8725,dogs
8726,dogs
8727,cats
8728,cats
8729,cats
8730,dogs
8731,dogs
8732,dogs
8733,dogs
8734,dogs
8735,dogs
8736,dogs
8737,dogs
8738,dogs
8739,cats
8740,cats
8741,dogs
8742,dogs
8743,fish aquatic pets
8744,cats
8745,cats
8746,cats
8747,dogs
8748,cats
8749,fish aquatic pets
8750,dogs
8751,cats
8752,dogs
8753,dogs
8754,dogs
8755,dogs
8756,cats
8757,cats
8758,fish aquatic pets
8759,dogs
8760,dogs
8761,cats
8762,dogs
8763,dogs
8764,cats
8765,cats
8766,cats
8767,cats
8768,dogs
8769,cats
8770,dogs
8771,cats
8772,cats
8773,cats
8774,dogs
8775,dogs
8776,dogs
8777,cats
8778,dogs
8779,cats
8780,cats
8781,dogs
8782,cats
8783,dogs
8784,dogs
8785,dogs
8786,cats
8787,cats
8788,cats
8789,cats
8790,dogs
8791,dogs
8792,cats
8793,dogs
8794,dogs
8795,cats
8796,cats
8797,dogs
8798,fish aquatic pets
8799,cats
8800,dogs
8801,cats
8802,dogs
8803,cats
8804,cats
8805,dogs
8806,cats
8807,dogs
8808,dogs
8809,cats
8810,dogs
8811,cats
8812,cats
8813,cats
8814,dogs
8815,dogs
8816,cats
8817,dogs
8818,dogs
8819,dogs
8820,dogs
8821,cats
8822,cats
8823,cats
8824,dogs
8825,dogs
8826,dogs
8827,cats
8828,cats
8829,cats
8830,dogs
8831,cats
8832,dogs
8833,cats
8834,dogs
8835,dogs
8836,fish aquatic pets
8837,cats
8838,cats
8839,cats
8840,dogs
8841,dogs
8842,dogs
8843,cats
8844,dogs
8845,cats
8846,cats
8847,cats
8848,dogs
8849,dogs
8850,fish aquatic pets
8851,dogs
8852,cats
8853,dogs
8854,dogs
8855,dogs
8856,cats
8857,cats
8858,cats
8859,dogs
8860,cats
8861,cats
8862,dogs
8863,dogs
8864,dogs
8865,dogs
8866,dogs
8867,cats
8868,cats
8869,dogs
8870,cats
8871,cats
8872,cats
8873,dogs
8874,dogs
8875,cats
8876,cats
8877,dogs
8878,dogs
8879,cats
8880,dogs
8881,cats
8882,dogs
8883,dogs
8884,dogs
8885,dogs
8886,dogs
8887,dogs
8888,dogs
8889,dogs
8890,dogs
8891,dogs
8892,dogs
8893,dogs
8894,dogs
8895,dogs
8896,dogs
8897,dogs
8898,dogs
8899,dogs
8900,dogs
8901,cats
8902,cats
8903,dogs
8904,cats
8905,cats
8906,cats
8907,cats
8908,cats
8909,dogs
8910,dogs
8911,cats
8912,dogs
8913,dogs
8914,cats
8915,cats
8916,cats
8917,cats
8918,fish aquatic pets
8919,dogs
8920,dogs
8921,dogs
8922,cats
8923,cats
8924,cats
8925,cats
8926,dogs
8927,cats
8928,dogs
8929,dogs
8930,dogs
8931,dogs
8932,dogs
8933,cats
8934,dogs
8935,cats
8936,dogs
8937,dogs
8938,cats
8939,dogs
8940,cats
8941,dogs
8942,cats
8943,dogs
8944,dogs
8945,cats
8946,cats
8947,dogs
8948,dogs
8949,cats
8950,dogs
8951,dogs
8952,cats
8953,dogs
8954,dogs
8955,small animals
8956,dogs
8957,dogs
8958,cats
8959,dogs
8960,dogs
8961,cats
8962,cats
8963,dogs
8964,cats
8965,dogs
8966,cats
8967,dogs
8968,dogs
8969,dogs
8970,dogs
8971,cats
8972,cats
8973,dogs
8974,dogs
8975,dogs
8976,cats
8977,dogs
8978,cats
8979,cats
8980,dogs
8981,dogs
8982,dogs
8983,dogs
8984,cats
8985,dogs
8986,cats
8987,dogs
8988,dogs
8989,cats
8990,cats
8991,cats
8992,dogs
8993,cats
8994,dogs
8995,dogs
8996,dogs
8997,cats
8998,dogs
8999,dogs
9000,cats
9001,dogs
9002,dogs
9003,dogs
9004,cats
9005,dogs
9006,dogs
9007,cats
9008,cats
9009,dogs
9010,cats
9011,cats
9012,dogs
9013,cats
9014,cats
9015,cats
9016,cats
9017,dogs
9018,dogs
9019,dogs
9020,dogs
9021,dogs
9022,dogs
9023,dogs
9024,cats
9025,dogs
9026,cats
9027,dogs
9028,dogs
9029,dogs
9030,cats
9031,dogs
9032,cats
9033,cats
9034,dogs
9035,cats
9036,dogs
9037,dogs
9038,cats
9039,dogs
9040,cats
9041,cats
9042,dogs
9043,dogs
9044,dogs
9045,dogs
9046,dogs
9047,cats
9048,cats
9049,dogs
9050,dogs
9051,dogs
9052,dogs
9053,dogs
9054,cats
9055,dogs
9056,cats
9057,dogs
9058,dogs
9059,dogs
9060,dogs
9061,dogs
9062,dogs
9063,dogs
9064,dogs
9065,dogs
9066,dogs
9067,dogs
9068,cats
9069,dogs
9070,dogs
9071,cats
9072,dogs
9073,cats
9074,dogs
9075,dogs
9076,cats
9077,dogs
9078,dogs
9079,dogs
9080,dogs
9081,cats
9082,cats
9083,dogs
9084,dogs
9085,dogs
9086,dogs
9087,dogs
9088,cats
9089,cats
9090,cats
9091,cats
9092,dogs
9093,cats
9094,dogs
9095,dogs
9096,cats
9097,dogs
9098,dogs
9099,dogs
9100,dogs
9101,dogs
9102,dogs
9103,dogs
9104,cats
9105,cats
9106,cats
9107,dogs
9108,cats
9109,dogs
9110,cats
9111,dogs
9112,dogs
9113,dogs
9114,dogs
9115,cats
9116,cats
9117,dogs
9118,cats
9119,dogs
9120,cats
9121,cats
9122,cats
9123,cats
9124,cats
9125,cats
9126,cats
9127,dogs
9128,dogs
9129,cats
9130,dogs
9131,dogs
9132,dogs
9133,dogs
9134,cats
9135,dogs
9136,cats
9137,dogs
9138,dogs
9139,dogs
9140,dogs
9141,dogs
9142,cats
9143,dogs
9144,dogs
9145,cats
9146,dogs
9147,dogs
9148,cats
9149,dogs
9150,cats
9151,dogs
9152,dogs
9153,dogs
9154,cats
9155,cats
9156,dogs
9157,cats
9158,dogs
9159,birds
9160,cats
9161,dogs
9162,cats
9163,dogs
9164,cats
9165,dogs
9166,dogs
9167,cats
9168,cats
9169,dogs
9170,cats
9171,dogs
9172,dogs
9173,cats
9174,dogs
9175,cats
9176,cats
9177,cats
9178,dogs
9179,cats
9180,cats
9181,cats
9182,cats
9183,cats
9184,dogs
9185,cats
9186,dogs
9187,dogs
9188,cats
9189,cats
9190,cats
9191,cats
9192,dogs
9193,dogs
9194,dogs
9195,dogs
9196,cats
9197,fish aquatic pets
9198,dogs
9199,birds
9200,dogs
9201,dogs
9202,dogs
9203,dogs
9204,cats
9205,cats
9206,cats
9207,cats
9208,dogs
9209,cats
9210,dogs
9211,cats
9212,cats
9213,dogs
9214,dogs
9215,dogs
9216,dogs
9217,cats
9218,dogs
9219,cats
9220,cats
9221,dogs
9222,dogs
9223,cats
9224,cats
9225,cats
9226,dogs
9227,dogs
9228,cats
9229,dogs
9230,dogs
9231,cats
9232,cats
9233,dogs
9234,dogs
9235,cats
9236,dogs
9237,dogs
9238,cats
9239,cats
9240,dogs
9241,dogs
9242,cats
9243,dogs
9244,cats
9245,dogs
9246,dogs
9247,cats
9248,dogs
9249,cats
9250,dogs
9251,dogs
9252,cats
9253,cats
9254,cats
9255,dogs
9256,dogs
9257,dogs
9258,dogs
9259,dogs
9260,cats
9261,dogs
9262,cats
9263,cats
9264,dogs
9265,dogs
9266,cats
9267,dogs
9268,dogs
9269,cats
9270,dogs
9271,dogs
9272,cats
9273,cats
9274,cats
9275,dogs
9276,cats
9277,cats
9278,cats
9279,dogs
9280,dogs
9281,dogs
9282,dogs
9283,dogs
9284,dogs
9285,cats
9286,dogs
9287,dogs
9288,cats
9289,cats
9290,dogs
9291,dogs
9292,cats
9293,cats
9294,cats
9295,dogs
9296,dogs
9297,dogs
9298,dogs
9299,dogs
9300,cats
9301,dogs
9302,cats
9303,dogs
9304,cats
9305,cats
9306,cats
9307,cats
9308,dogs
9309,cats
9310,dogs
9311,dogs
9312,dogs
9313,cats
9314,dogs
9315,dogs
9316,dogs
9317,cats
9318,cats
9319,dogs
9320,dogs
9321,cats
9322,cats
9323,cats
9324,cats
9325,dogs
9326,dogs
9327,dogs
9328,fish aquatic pets
9329,cats
9330,cats
9331,dogs
9332,dogs
9333,dogs
9334,dogs
9335,dogs
9336,dogs
9337,cats
9338,cats
9339,dogs
9340,dogs
9341,cats
9342,cats
9343,cats
9344,dogs
9345,cats
9346,dogs
9347,cats
9348,cats
9349,cats
9350,dogs
9351,cats
9352,cats
9353,dogs
9354,cats
9355,cats
9356,cats
9357,dogs
9358,dogs
9359,cats
9360,dogs
9361,cats
9362,dogs
9363,cats
9364,dogs
9365,cats
9366,dogs
9367,dogs
9368,cats
9369,cats
9370,dogs
9371,fish aquatic pets
9372,cats
9373,cats
9374,dogs
9375,cats
9376,cats
9377,cats
9378,cats
9379,cats
9380,dogs
9381,dogs
9382,cats
9383,dogs
9384,dogs
9385,cats
9386,dogs
9387,fish aquatic pets
9388,dogs
9389,cats
9390,dogs
9391,dogs
9392,cats
9393,cats
9394,dogs
9395,cats
9396,dogs
9397,cats
9398,dogs
9399,dogs
9400,fish aquatic pets
9401,dogs
9402,fish aquatic pets
9403,dogs
9404,dogs
9405,dogs
9406,dogs
9407,cats
9408,cats
9409,dogs
9410,dogs
9411,dogs
9412,cats
9413,dogs
9414,dogs
9415,cats
9416,cats
9417,dogs
9418,cats
9419,dogs
9420,fish aquatic pets
9421,dogs
9422,fish aquatic pets
9423,dogs
9424,cats
9425,cats
9426,dogs
9427,fish aquatic pets
9428,dogs
9429,dogs
9430,dogs
9431,dogs
9432,cats
9433,dogs
9434,dogs
9435,cats
9436,dogs
9437,dogs
9438,dogs
9439,dogs
9440,dogs
9441,dogs
9442,cats
9443,cats
9444,dogs
9445,cats
9446,cats
9447,cats
9448,dogs
9449,dogs
9450,dogs
9451,dogs
9452,dogs
9453,dogs
9454,dogs
9455,cats
9456,cats
9457,cats
9458,cats
9459,dogs
9460,dogs
9461,cats
9462,dogs
9463,cats
9464,dogs
9465,dogs
9466,dogs
9467,dogs
9468,dogs
9469,cats
9470,cats
9471,fish aquatic pets
9472,cats
9473,cats
9474,dogs
9475,dogs
9476,cats
9477,dogs
9478,cats
9479,cats
9480,cats
9481,cats
9482,cats
9483,cats
9484,cats
9485,dogs
9486,dogs
9487,dogs
9488,cats
9489,dogs
9490,cats
9491,cats
9492,cats
9493,cats
9494,dogs
9495,dogs
9496,cats
9497,cats
9498,cats
9499,dogs
9500,cats
9501,dogs
9502,cats
9503,cats
9504,dogs
9505,dogs
9506,dogs
9507,fish aquatic pets
9508,dogs
9509,dogs
9510,cats
9511,cats
9512,fish aquatic pets
9513,dogs
9514,dogs
9515,cats
9516,dogs
9517,dogs
9518,cats
9519,cats
9520,dogs
9521,cats
9522,cats
9523,cats
9524,cats
9525,cats
9526,dogs
9527,dogs
9528,dogs
9529,dogs
9530,dogs
9531,cats
9532,dogs
9533,cats
9534,cats
9535,cats
9536,dogs
9537,dogs
9538,dogs
9539,cats
9540,dogs
9541,cats
9542,cats
9543,dogs
9544,cats
9545,dogs
9546,cats
9547,dogs
9548,cats
9549,cats
9550,dogs
9551,cats
9552,dogs
9553,cats
9554,dogs
9555,cats
9556,cats
9557,dogs
9558,dogs
9559,dogs
9560,dogs
9561,dogs
9562,dogs
9563,cats
9564,cats
9565,dogs
9566,dogs
9567,cats
9568,dogs
9569,cats
9570,dogs
9571,dogs
9572,dogs
9573,cats
9574,cats
9575,dogs
9576,dogs
9577,dogs
9578,dogs
9579,dogs
9580,dogs
9581,cats
9582,dogs
9583,cats
9584,dogs
9585,dogs
9586,birds
9587,fish aquatic pets
9588,cats
9589,dogs
9590,dogs
9591,cats
9592,cats
9593,dogs
9594,cats
9595,cats
9596,dogs
9597,dogs
9598,cats
9599,cats
9600,cats
9601,cats
9602,cats
9603,dogs
9604,dogs
9605,cats
9606,cats
9607,cats
9608,dogs
9609,cats
9610,dogs
9611,dogs
9612,cats
9613,cats
9614,dogs
9615,dogs
9616,dogs
9617,dogs
9618,dogs
9619,dogs
9620,cats
9621,fish aquatic pets
9622,cats
9623,cats
9624,cats
9625,dogs
9626,dogs
9627,dogs
9628,cats
9629,cats
9630,dogs
9631,dogs
9632,cats
9633,dogs
9634,dogs
9635,cats
9636,cats
9637,dogs
9638,cats
9639,cats
9640,dogs
9641,cats
9642,dogs
9643,dogs
9644,cats
9645,cats
9646,dogs
9647,dogs
9648,cats
9649,dogs
9650,cats
9651,cats
9652,dogs
9653,cats
9654,dogs
9655,dogs
9656,dogs
9657,dogs
9658,cats
9659,dogs
9660,cats
9661,dogs
9662,cats
9663,dogs
9664,cats
9665,cats
9666,cats
9667,fish aquatic pets
9668,dogs
9669,dogs
9670,dogs
9671,cats
9672,dogs
9673,cats
9674,dogs
9675,dogs
9676,cats
9677,cats
9678,cats
9679,dogs
9680,cats
9681,dogs
9682,cats
9683,dogs
9684,dogs
9685,cats
9686,cats
9687,cats
9688,cats
9689,fish aquatic pets
9690,dogs
9691,cats
9692,cats
9693,dogs
9694,cats
9695,cats
9696,fish aquatic pets
9697,cats
9698,dogs
9699,dogs
9700,cats
9701,dogs
9702,dogs
9703,cats
9704,dogs
9705,dogs
9706,dogs
9707,cats
9708,cats
9709,cats
9710,dogs
9711,cats
9712,cats
9713,cats
9714,dogs
9715,cats
9716,cats
9717,cats
9718,dogs
9719,dogs
9720,cats
9721,cats
9722,cats
9723,dogs
9724,cats
9725,cats
9726,dogs
9727,dogs
9728,dogs
9729,dogs
9730,dogs
9731,cats
9732,cats
9733,cats
9734,cats
9735,dogs
9736,cats
9737,cats
9738,cats
9739,dogs
9740,dogs
9741,dogs
9742,dogs
9743,dogs
9744,dogs
9745,dogs
9746,dogs
9747,dogs
9748,cats
9749,cats
9750,cats
9751,cats
9752,dogs
9753,cats
9754,cats
9755,cats
9756,dogs
9757,fish aquatic pets
9758,dogs
9759,dogs
9760,fish aquatic pets
9761,dogs
9762,cats
9763,cats
9764,dogs
9765,dogs
9766,cats
9767,cats
9768,cats
9769,birds
9770,birds
9771,cats
9772,cats
9773,cats
9774,dogs
9775,cats
9776,cats
9777,cats
9778,dogs
9779,cats
9780,cats
9781,dogs
9782,cats
9783,cats
9784,fish aquatic pets
9785,dogs
9786,cats
9787,cats
9788,cats
9789,cats
9790,dogs
9791,cats
9792,cats
9793,dogs
9794,cats
9795,dogs
9796,cats
9797,dogs
9798,cats
9799,cats
9800,cats
9801,dogs
9802,dogs
9803,cats
9804,dogs
9805,fish aquatic pets
9806,dogs
9807,dogs
9808,cats
9809,cats
9810,dogs
9811,dogs
9812,dogs
9813,cats
9814,dogs
9815,dogs
9816,dogs
9817,dogs
9818,dogs
9819,dogs
9820,dogs
9821,cats
9822,cats
9823,dogs
9824,cats
9825,cats
9826,dogs
9827,dogs
9828,cats
9829,cats
9830,cats
9831,cats
9832,dogs
9833,dogs
9834,cats
9835,cats
9836,dogs
9837,dogs
9838,dogs
9839,cats
9840,cats
9841,dogs
9842,dogs
9843,dogs
9844,dogs
9845,dogs
9846,dogs
9847,cats
9848,dogs
9849,dogs
9850,dogs
9851,cats
9852,dogs
9853,cats
9854,dogs
9855,cats
9856,dogs
9857,cats
9858,dogs
9859,cats
9860,cats
9861,cats
9862,cats
9863,dogs
9864,dogs
9865,dogs
9866,dogs
9867,cats
9868,cats
9869,dogs
9870,dogs
9871,dogs
9872,cats
9873,cats
9874,dogs
9875,cats
9876,dogs
9877,dogs
9878,cats
9879,dogs
9880,dogs
9881,dogs
9882,dogs
9883,dogs
9884,cats
9885,birds
9886,cats
9887,cats
9888,dogs
9889,fish aquatic pets
9890,dogs
9891,cats
9892,cats
9893,dogs
9894,cats
9895,dogs
9896,cats
9897,cats
9898,cats
9899,dogs
9900,cats
9901,cats
9902,cats
9903,dogs
9904,cats
9905,dogs
9906,cats
9907,cats
9908,dogs
9909,cats
9910,dogs
9911,cats
9912,cats
9913,dogs
9914,dogs
9915,dogs
9916,cats
9917,dogs
9918,cats
9919,dogs
9920,cats
9921,cats
9922,dogs
9923,dogs
9924,cats
9925,cats
9926,cats
9927,cats
9928,dogs
9929,dogs
9930,cats
9931,cats
9932,dogs
9933,cats
9934,dogs
9935,cats
9936,cats
9937,cats
9938,dogs
9939,cats
9940,cats
9941,dogs
9942,dogs
9943,cats
9944,dogs
9945,dogs
9946,dogs
9947,cats
9948,cats
9949,dogs
9950,dogs
9951,bunny rabbit central
9952,dogs
9953,cats
9954,dogs
9955,cats
9956,dogs
9957,dogs
9958,dogs
9959,dogs
9960,dogs
9961,dogs
9962,cats
9963,dogs
9964,dogs
9965,cats
9966,fish aquatic pets
9967,dogs
9968,dogs
9969,cats
9970,cats
9971,dogs
9972,cats
9973,cats
9974,cats
9975,cats
9976,cats
9977,cats
9978,cats
9979,dogs
9980,cats
9981,dogs
9982,cats
9983,dogs
9984,dogs
9985,dogs
9986,dogs
9987,dogs
9988,cats
9989,dogs
9990,cats
9991,dogs
9992,cats
9993,cats
9994,cats
9995,dogs
9996,dogs
9997,cats
9998,cats
9999,cats
10000,cats
10001,cats
10002,dogs
10003,dogs
10004,dogs
10005,dogs
10006,cats
10007,dogs
10008,dogs
10009,dogs
10010,dogs
10011,dogs
10012,cats
10013,dogs
10014,cats
10015,cats
10016,fish aquatic pets
10017,cats
10018,dogs
10019,cats
10020,cats
10021,cats
10022,cats
10023,cats
10024,cats
10025,dogs
10026,cats
10027,cats
10028,cats
10029,cats
10030,dogs
10031,cats
10032,cats
10033,dogs
10034,cats
10035,dogs
10036,cats
10037,dogs
10038,cats
10039,dogs
10040,dogs
10041,cats
10042,dogs
10043,cats
10044,cats
10045,cats
10046,cats
10047,cats
10048,dogs
10049,cats
10050,cats
10051,dogs
10052,dogs
10053,cats
10054,dogs
10055,dogs
10056,cats
10057,cats
10058,cats
10059,cats
10060,fish aquatic pets
10061,cats
10062,cats
10063,dogs
10064,cats
10065,cats
10066,cats
10067,cats
10068,dogs
10069,cats
10070,dogs
10071,dogs
10072,dogs
10073,dogs
10074,dogs
10075,dogs
10076,cats
10077,dogs
10078,cats
10079,dogs
10080,dogs
10081,dogs
10082,dogs
10083,dogs
10084,cats
10085,dogs
10086,cats
10087,dogs
10088,dogs
10089,dogs
10090,cats
10091,dogs
10092,cats
10093,cats
10094,dogs
10095,cats
10096,dogs
10097,cats
10098,cats
10099,dogs
10100,dogs
10101,dogs
10102,cats
10103,small animals
10104,dogs
10105,dogs
10106,cats
10107,cats
10108,cats
10109,dogs
10110,cats
10111,dogs
10112,dogs
10113,dogs
10114,dogs
10115,cats
10116,cats
10117,dogs
10118,dogs
10119,dogs
10120,cats
10121,dogs
10122,dogs
10123,cats
10124,cats
10125,dogs
10126,dogs
10127,cats
10128,dogs
10129,dogs
10130,dogs
10131,cats
10132,dogs
10133,dogs
10134,dogs
10135,dogs
10136,cats
10137,dogs
10138,cats
10139,cats
10140,cats
10141,cats
10142,cats
10143,cats
10144,cats
10145,cats
10146,dogs
10147,dogs
10148,dogs
10149,cats
10150,cats
10151,cats
10152,cats
10153,cats
10154,cats
10155,cats
10156,cats
10157,small animals
10158,cats
10159,fish aquatic pets
10160,cats
10161,dogs
10162,cats
10163,dogs
10164,dogs
10165,dogs
10166,dogs
10167,dogs
10168,cats
10169,cats
10170,cats
10171,dogs
10172,dogs
10173,dogs
10174,cats
10175,dogs
10176,dogs
10177,dogs
10178,cats
10179,dogs
10180,cats
10181,cats
10182,dogs
10183,dogs
10184,cats
10185,dogs
10186,dogs
10187,dogs
10188,cats
10189,dogs
10190,dogs
10191,cats
10192,dogs
10193,dogs
10194,cats
10195,cats
10196,dogs
10197,dogs
10198,cats
10199,dogs
10200,cats
10201,dogs
10202,cats
10203,dogs
10204,dogs
10205,dogs
10206,cats
10207,dogs
10208,dogs
10209,dogs
10210,fish aquatic pets
10211,dogs
10212,dogs
10213,dogs
10214,dogs
10215,cats
10216,cats
10217,dogs
10218,cats
10219,cats
10220,dogs
10221,dogs
10222,cats
10223,cats
10224,dogs
10225,cats
10226,dogs
10227,dogs
10228,cats
10229,cats
10230,cats
10231,dogs
10232,cats
10233,dogs
10234,dogs
10235,fish aquatic pets
10236,dogs
10237,dogs
10238,birds
10239,cats
10240,cats
10241,cats
10242,dogs
10243,dogs
10244,cats
10245,dogs
10246,fish aquatic pets
10247,dogs
10248,dogs
10249,cats
10250,dogs
10251,dogs
10252,cats
10253,cats
10254,dogs
10255,dogs
10256,dogs
10257,dogs
10258,cats
10259,cats
10260,fish aquatic pets
10261,dogs
10262,cats
10263,fish aquatic pets
10264,dogs
10265,cats
10266,dogs
10267,cats
10268,fish aquatic pets
10269,cats
10270,dogs
10271,dogs
10272,dogs
10273,cats
10274,cats
10275,dogs
10276,cats
10277,dogs
10278,dogs
10279,dogs
10280,cats
10281,dogs
10282,cats
10283,cats
10284,dogs
10285,dogs
10286,dogs
10287,dogs
10288,dogs
10289,cats
10290,cats
10291,dogs
10292,dogs
10293,cats
10294,dogs
10295,dogs
10296,dogs
10297,dogs
10298,cats
10299,dogs
10300,dogs
10301,cats
10302,dogs
10303,cats
10304,dogs
10305,dogs
10306,cats
10307,cats
10308,cats
10309,cats
10310,dogs
10311,dogs
10312,dogs
10313,cats
10314,cats
10315,dogs
10316,cats
10317,cats
10318,fish aquatic pets
10319,dogs
10320,cats
10321,dogs
10322,cats
10323,dogs
10324,dogs
10325,dogs
10326,cats
10327,cats
10328,cats
10329,dogs
10330,cats
10331,cats
10332,cats
10333,dogs
10334,cats
10335,dogs
10336,cats
10337,cats
10338,dogs
10339,dogs
10340,cats
10341,dogs
10342,dogs
10343,dogs
10344,dogs
10345,dogs
10346,dogs
10347,cats
10348,cats
10349,cats
10350,dogs
10351,dogs
10352,dogs
10353,fish aquatic pets
10354,dogs
10355,dogs
10356,cats
10357,cats
10358,dogs
10359,fish aquatic pets
10360,cats
10361,dogs
10362,dogs
10363,cats
10364,cats
10365,dogs
10366,cats
10367,cats
10368,dogs
10369,dogs
10370,dogs
10371,dogs
10372,dogs
10373,cats
10374,dogs
10375,cats
10376,birds
10377,dogs
10378,cats
10379,dogs
10380,dogs
10381,cats
10382,cats
10383,dogs
10384,birds
10385,cats
10386,dogs
10387,dogs
10388,dogs
10389,cats
10390,dogs
10391,dogs
10392,dogs
10393,dogs
10394,cats
10395,dogs
10396,dogs
10397,dogs
10398,dogs
10399,cats
10400,dogs
10401,dogs
10402,cats
10403,dogs
10404,dogs
10405,dogs
10406,cats
10407,cats
10408,cats
10409,dogs
10410,bunny rabbit central
10411,cats
10412,dogs
10413,dogs
10414,fish aquatic pets
10415,dogs
10416,dogs
10417,dogs
10418,dogs
10419,cats
10420,cats
10421,cats
10422,cats
10423,cats
10424,cats
10425,cats
10426,dogs
10427,dogs
10428,dogs
10429,dogs
10430,dogs
10431,cats
10432,dogs
10433,cats
10434,dogs
10435,cats
10436,dogs
10437,cats
10438,cats
10439,dogs
10440,dogs
10441,dogs
10442,dogs
10443,cats
10444,dogs
10445,cats
10446,cats
10447,dogs
10448,dogs
10449,dogs
10450,dogs
10451,dogs
10452,dogs
10453,dogs
10454,dogs
10455,cats
10456,cats
10457,cats
10458,cats
10459,cats
10460,cats
10461,dogs
10462,dogs
10463,cats
10464,cats
10465,dogs
10466,fish aquatic pets
10467,cats
10468,cats
10469,dogs
10470,cats
10471,cats
10472,dogs
10473,cats
10474,dogs
10475,cats
10476,fish aquatic pets
10477,dogs
10478,dogs
10479,dogs
10480,dogs
10481,fish aquatic pets
10482,dogs
10483,dogs
10484,dogs
10485,cats
10486,dogs
10487,dogs
10488,dogs
10489,dogs
10490,dogs
10491,cats
10492,cats
10493,dogs
10494,dogs
10495,dogs
10496,cats
10497,cats
10498,dogs
10499,cats
10500,dogs
10501,dogs
10502,dogs
10503,dogs
10504,cats
10505,cats
10506,dogs
10507,dogs
10508,dogs
10509,cats
10510,cats
10511,dogs
10512,dogs
10513,dogs
10514,dogs
10515,dogs
10516,dogs
10517,cats
10518,dogs
10519,dogs
10520,cats
10521,cats
10522,dogs
10523,cats
10524,dogs
10525,dogs
10526,cats
10527,cats
10528,dogs
10529,cats
10530,cats
10531,dogs
10532,dogs
10533,dogs
10534,dogs
10535,cats
10536,dogs
10537,cats
10538,cats
10539,dogs
10540,dogs
10541,cats
10542,cats
10543,fish aquatic pets
10544,dogs
10545,dogs
10546,cats
10547,cats
10548,dogs
10549,cats
10550,dogs
10551,dogs
10552,cats
10553,dogs
10554,fish aquatic pets
10555,cats
10556,dogs
10557,dogs
10558,dogs
10559,cats
10560,dogs
10561,dogs
10562,cats
10563,cats
10564,dogs
10565,dogs
10566,dogs
10567,dogs
10568,cats
10569,cats
10570,dogs
10571,cats
10572,dogs
10573,dogs
10574,cats
10575,dogs
10576,dogs
10577,dogs
10578,cats
10579,cats
10580,dogs
10581,cats
10582,cats
10583,cats
10584,cats
10585,fish aquatic pets
10586,dogs
10587,cats
10588,dogs
10589,dogs
10590,cats
10591,cats
10592,dogs
10593,dogs
10594,cats
10595,dogs
10596,dogs
10597,cats
10598,cats
10599,dogs
10600,cats
10601,dogs
10602,cats
10603,cats
10604,cats
10605,cats
10606,dogs
10607,cats
10608,cats
10609,cats
10610,cats
10611,cats
10612,dogs
10613,cats
10614,cats
10615,dogs
10616,fish aquatic pets
10617,dogs
10618,dogs
10619,dogs
10620,cats
10621,cats
10622,dogs
10623,dogs
10624,dogs
10625,cats
10626,cats
10627,cats
10628,dogs
10629,dogs
10630,dogs
10631,dogs
10632,cats
10633,cats
10634,dogs
10635,cats
10636,cats
10637,dogs
10638,dogs
10639,cats
10640,cats
10641,cats
10642,dogs
10643,cats
10644,dogs
10645,dogs
10646,cats
10647,dogs
10648,dogs
10649,dogs
10650,cats
10651,dogs
10652,cats
10653,dogs
10654,dogs
10655,dogs
10656,dogs
10657,dogs
10658,cats
10659,dogs
10660,dogs
10661,cats
10662,cats
10663,cats
10664,dogs
10665,cats
10666,dogs
10667,cats
10668,dogs
10669,cats
10670,dogs
10671,cats
10672,cats
10673,cats
10674,cats
10675,dogs
10676,cats
10677,dogs
10678,dogs
10679,cats
10680,dogs
10681,dogs
10682,dogs
10683,dogs
10684,cats
10685,cats
10686,cats
10687,cats
10688,cats
10689,cats
10690,cats
10691,cats
10692,dogs
10693,cats
10694,cats
10695,dogs
10696,cats
10697,cats
10698,fish aquatic pets
10699,dogs
10700,dogs
10701,cats
10702,dogs
10703,dogs
10704,dogs
10705,cats
10706,dogs
10707,cats
10708,dogs
10709,cats
10710,dogs
10711,dogs
10712,cats
10713,dogs
10714,dogs
10715,cats
10716,dogs
10717,dogs
10718,dogs
10719,cats
10720,dogs
10721,cats
10722,fish aquatic pets
10723,dogs
10724,dogs
10725,cats
10726,dogs
10727,cats
10728,dogs
10729,cats
10730,dogs
10731,dogs
10732,cats
10733,dogs
10734,dogs
10735,cats
10736,dogs
10737,cats
10738,cats
10739,dogs
10740,cats
10741,dogs
10742,cats
10743,dogs
10744,dogs
10745,cats
10746,cats
10747,cats
10748,cats
10749,cats
10750,dogs
10751,dogs
10752,dogs
10753,dogs
10754,cats
10755,cats
10756,dogs
10757,dogs
10758,cats
10759,dogs
10760,dogs
10761,dogs
10762,cats
10763,dogs
10764,cats
10765,birds
10766,cats
10767,cats
10768,cats
10769,cats
10770,dogs
10771,cats
10772,cats
10773,dogs
10774,cats
10775,dogs
10776,dogs
10777,dogs
10778,cats
10779,cats
10780,cats
10781,cats
10782,fish aquatic pets
10783,cats
10784,dogs
10785,cats
10786,cats
10787,cats
10788,dogs
10789,dogs
10790,cats
10791,dogs
10792,dogs
10793,birds
10794,cats
10795,dogs
10796,dogs
10797,cats
10798,dogs
10799,dogs
10800,cats
10801,dogs
10802,dogs
10803,dogs
10804,cats
10805,dogs
10806,cats
10807,cats
10808,dogs
10809,dogs
10810,fish aquatic pets
10811,cats
10812,dogs
10813,cats
10814,dogs
10815,dogs
10816,cats
10817,cats
10818,cats
10819,dogs
10820,dogs
10821,dogs
10822,dogs
10823,dogs
10824,dogs
10825,dogs
10826,dogs
10827,dogs
10828,cats
10829,cats
10830,dogs
10831,dogs
10832,cats
10833,cats
10834,cats
10835,cats
10836,dogs
10837,dogs
10838,cats
10839,cats
10840,cats
10841,cats
10842,dogs
10843,fish aquatic pets
10844,dogs
10845,fish aquatic pets
10846,cats
10847,dogs
10848,dogs
10849,cats
10850,cats
10851,cats
10852,dogs
10853,dogs
10854,dogs
10855,dogs
10856,cats
10857,cats
10858,cats
10859,cats
10860,dogs
10861,dogs
10862,cats
10863,dogs
10864,fish aquatic pets
10865,dogs
10866,cats
10867,cats
10868,dogs
10869,cats
10870,cats
10871,fish aquatic pets
10872,dogs
10873,dogs
10874,dogs
10875,cats
10876,dogs
10877,dogs
10878,dogs
10879,cats
10880,dogs
10881,dogs
10882,dogs
10883,cats
10884,cats
10885,dogs
10886,cats
10887,cats
10888,dogs
10889,cats
10890,dogs
10891,cats
10892,dogs
10893,dogs
10894,cats
10895,cats
10896,dogs
10897,dogs
10898,cats
10899,dogs
10900,dogs
10901,dogs
10902,dogs
10903,dogs
10904,cats
10905,dogs
10906,dogs
10907,cats
10908,dogs
10909,dogs
10910,dogs
10911,cats
10912,dogs
10913,cats
10914,cats
10915,cats
10916,cats
10917,cats
10918,dogs
10919,dogs
10920,dogs
10921,dogs
10922,cats
10923,cats
10924,dogs
10925,cats
10926,cats
10927,dogs
10928,dogs
10929,cats
10930,cats
10931,dogs
10932,cats
10933,dogs
10934,cats
10935,cats
10936,cats
10937,cats
10938,cats
10939,dogs
10940,cats
10941,fish aquatic pets
10942,dogs
10943,dogs
10944,cats
10945,dogs
10946,dogs
10947,cats
10948,dogs
10949,cats
10950,dogs
10951,cats
10952,cats
10953,dogs
10954,dogs
10955,cats
10956,cats
10957,dogs
10958,dogs
10959,cats
10960,dogs
10961,cats
10962,dogs
10963,dogs
10964,dogs
10965,cats
10966,cats
10967,dogs
10968,cats
10969,cats
10970,dogs
10971,cats
10972,dogs
10973,dogs
10974,cats
10975,cats
10976,dogs
10977,cats
10978,dogs
10979,dogs
10980,dogs
10981,cats
10982,dogs
10983,dogs
10984,dogs
10985,cats
10986,cats
10987,dogs
10988,cats
10989,dogs
10990,dogs
10991,dogs
10992,dogs
10993,cats
10994,dogs
10995,cats
10996,dogs
10997,cats
10998,dogs
10999,cats
11000,dogs
11001,dogs
11002,cats
11003,fish aquatic pets
11004,dogs
11005,dogs
11006,dogs
11007,dogs
11008,cats
11009,dogs
11010,dogs
11011,dogs
11012,cats
11013,dogs
11014,cats
11015,cats
11016,dogs
11017,dogs
11018,fish aquatic pets
11019,dogs
11020,cats
11021,cats
11022,dogs
11023,dogs
11024,dogs
11025,cats
11026,cats
11027,dogs
11028,cats
11029,dogs
11030,cats
11031,dogs
11032,dogs
11033,dogs
11034,dogs
11035,dogs
11036,cats
11037,dogs
11038,dogs
11039,cats
11040,dogs
11041,cats
11042,dogs
11043,dogs
11044,dogs
11045,dogs
11046,cats
11047,cats
11048,dogs
11049,dogs
11050,cats
11051,cats
11052,dogs
11053,dogs
11054,dogs
11055,cats
11056,cats
11057,dogs
11058,cats
11059,dogs
11060,cats
11061,dogs
11062,dogs
11063,dogs
11064,cats
11065,cats
11066,cats
11067,dogs
11068,dogs
11069,dogs
11070,dogs
11071,cats
11072,dogs
11073,cats
11074,dogs
11075,dogs
11076,cats
11077,dogs
11078,cats
11079,cats
11080,cats
11081,dogs
11082,cats
11083,cats
11084,dogs
11085,fish aquatic pets
11086,dogs
11087,cats
11088,dogs
11089,cats
11090,fish aquatic pets
11091,dogs
11092,dogs
11093,dogs
11094,cats
11095,cats
11096,cats
11097,cats
11098,dogs
11099,dogs
11100,dogs
11101,cats
11102,cats
11103,dogs
11104,cats
11105,cats
11106,dogs
11107,dogs
11108,cats
11109,dogs
11110,dogs
11111,cats
11112,cats
11113,cats
11114,cats
11115,dogs
11116,dogs
11117,dogs
11118,cats
11119,fish aquatic pets
11120,dogs
11121,dogs
11122,dogs
11123,dogs
11124,cats
11125,dogs
11126,cats
11127,dogs
11128,dogs
11129,cats
11130,cats
11131,cats
11132,dogs
11133,cats
11134,dogs
11135,dogs
11136,birds
11137,dogs
11138,dogs
11139,dogs
11140,dogs
11141,dogs
11142,dogs
11143,dogs
11144,cats
11145,cats
11146,dogs
11147,fish aquatic pets
11148,dogs
11149,dogs
11150,cats
11151,cats
11152,cats
11153,cats
11154,dogs
11155,dogs
11156,dogs
11157,dogs
11158,dogs
11159,dogs
11160,cats
11161,cats
11162,dogs
11163,cats
11164,dogs
11165,dogs
11166,cats
11167,cats
11168,cats
11169,dogs
11170,cats
11171,dogs
11172,cats
11173,dogs
11174,dogs
11175,fish aquatic pets
11176,cats
11177,cats
11178,cats
11179,dogs
11180,cats
11181,cats
11182,cats
11183,dogs
11184,fish aquatic pets
11185,dogs
11186,cats
11187,dogs
11188,cats
11189,dogs
11190,dogs
11191,dogs
11192,cats
11193,dogs
11194,cats
11195,dogs
11196,cats
11197,birds
11198,cats
11199,dogs
11200,cats
11201,dogs
11202,cats
11203,fish aquatic pets
11204,dogs
11205,dogs
11206,cats
11207,cats
11208,dogs
11209,cats
11210,dogs
11211,cats
11212,cats
11213,cats
11214,dogs
11215,cats
11216,cats
11217,cats
11218,dogs
11219,dogs
11220,dogs
11221,cats
11222,dogs
11223,cats
11224,dogs
11225,cats
11226,dogs
11227,dogs
11228,dogs
11229,dogs
11230,cats
11231,dogs
11232,cats
11233,cats
11234,dogs
11235,cats
11236,dogs
11237,cats
11238,cats
11239,dogs
11240,dogs
11241,dogs
11242,dogs
11243,dogs
11244,dogs
11245,dogs
11246,cats
11247,cats
11248,cats
11249,dogs
11250,cats
11251,dogs
11252,dogs
11253,cats
11254,cats
11255,dogs
11256,birds
11257,cats
11258,cats
11259,dogs
11260,dogs
11261,cats
11262,dogs
11263,dogs
11264,dogs
11265,dogs
11266,cats
11267,cats
11268,fish aquatic pets
11269,dogs
11270,dogs
11271,dogs
11272,dogs
11273,dogs
11274,cats
11275,dogs
11276,dogs
11277,cats
11278,dogs
11279,cats
11280,dogs
11281,cats
11282,cats
11283,dogs
11284,cats
11285,cats
11286,cats
11287,dogs
11288,birds
11289,cats
11290,cats
11291,dogs
11292,dogs
11293,dogs
11294,dogs
11295,cats
11296,cats
11297,dogs
11298,dogs
11299,cats
11300,dogs
11301,dogs
11302,dogs
11303,dogs
11304,dogs
11305,cats
11306,cats
11307,dogs
11308,cats
11309,cats
11310,dogs
11311,dogs
11312,cats
11313,cats
11314,cats
11315,cats
11316,dogs
11317,cats
11318,cats
11319,dogs
11320,dogs
11321,cats
11322,dogs
11323,dogs
11324,cats
11325,cats
11326,cats
11327,cats
11328,dogs
11329,dogs
11330,cats
11331,dogs
11332,cats
11333,cats
11334,fish aquatic pets
11335,dogs
11336,cats
11337,cats
11338,dogs
11339,cats
11340,dogs
11341,dogs
11342,dogs
11343,dogs
11344,cats
11345,dogs
11346,cats
11347,dogs
11348,cats
11349,cats
11350,dogs
11351,cats
11352,cats
11353,cats
11354,cats
11355,cats
11356,dogs
11357,cats
11358,dogs
11359,dogs
11360,cats
11361,cats
11362,dogs
11363,cats
11364,dogs
11365,dogs
11366,birds
11367,dogs
11368,dogs
11369,dogs
11370,dogs
11371,dogs
11372,dogs
11373,dogs
11374,cats
11375,dogs
11376,dogs
11377,dogs
11378,dogs
11379,fish aquatic pets
11380,cats
11381,dogs
11382,cats
11383,dogs
11384,dogs
11385,dogs
11386,dogs
11387,cats
11388,dogs
11389,cats
11390,cats
11391,cats
11392,cats
11393,cats
11394,cats
11395,dogs
11396,dogs
11397,cats
11398,fish aquatic pets
11399,dogs
11400,cats
11401,cats
11402,dogs
11403,dogs
11404,cats
11405,dogs
11406,dogs
11407,cats
11408,dogs
11409,dogs
11410,cats
11411,dogs
11412,dogs
11413,fish aquatic pets
11414,cats
11415,dogs
11416,cats
11417,dogs
11418,dogs
11419,cats
11420,cats
11421,dogs
11422,cats
11423,cats
11424,dogs
11425,dogs
11426,dogs
11427,dogs
11428,dogs
11429,dogs
11430,cats
11431,dogs
11432,fish aquatic pets
11433,dogs
11434,dogs
11435,cats
11436,dogs
11437,dogs
11438,cats
11439,cats
11440,dogs
11441,cats
11442,cats
11443,dogs
11444,dogs
11445,dogs
11446,fish aquatic pets
11447,dogs
11448,cats
11449,cats
11450,dogs
11451,cats
11452,cats
11453,dogs
11454,cats
11455,cats
11456,dogs
11457,dogs
11458,cats
11459,dogs
11460,fish aquatic pets
11461,cats
11462,dogs
11463,dogs
11464,dogs
11465,dogs
11466,fish aquatic pets
11467,cats
11468,dogs
11469,dogs
11470,dogs
11471,cats
11472,dogs
11473,dogs
11474,dogs
11475,cats
11476,cats
11477,dogs
11478,cats
11479,fish aquatic pets
11480,cats
11481,dogs
11482,dogs
11483,cats
11484,cats
11485,dogs
11486,cats
11487,cats
11488,dogs
11489,cats
11490,dogs
11491,cats
11492,dogs
11493,dogs
11494,cats
11495,dogs
11496,cats
11497,cats
11498,dogs
11499,cats
11500,cats
11501,cats
11502,cats
11503,dogs
11504,cats
11505,cats
11506,cats
11507,cats
11508,dogs
11509,dogs
11510,dogs
11511,cats
11512,dogs
11513,dogs
11514,dogs
11515,cats
11516,dogs
11517,cats
11518,cats
11519,cats
11520,cats
11521,dogs
11522,dogs
11523,cats
11524,dogs
11525,cats
11526,dogs
11527,cats
11528,cats
11529,cats
11530,cats
11531,fish aquatic pets
11532,cats
11533,cats
11534,dogs
11535,dogs
11536,dogs
11537,fish aquatic pets
11538,dogs
11539,dogs
11540,fish aquatic pets
11541,cats
11542,dogs
11543,dogs
11544,cats
11545,dogs
11546,cats
11547,cats
11548,dogs
11549,cats
11550,dogs
11551,dogs
11552,dogs
11553,dogs
11554,cats
11555,dogs
11556,cats
11557,dogs
11558,cats
11559,dogs
11560,dogs
11561,dogs
11562,dogs
11563,dogs
11564,dogs
11565,dogs
11566,cats
11567,cats
11568,dogs
11569,dogs
11570,dogs
11571,cats
11572,dogs
11573,dogs
11574,dogs
11575,dogs
11576,cats
11577,cats
11578,dogs
11579,dogs
11580,dogs
11581,cats
11582,cats
11583,dogs
11584,cats
11585,cats
11586,cats
11587,cats
11588,cats
11589,cats
11590,cats
11591,cats
11592,dogs
11593,cats
11594,dogs
11595,cats
11596,birds
11597,dogs
11598,cats
11599,dogs
11600,dogs
11601,dogs
11602,cats
11603,dogs
11604,dogs
11605,dogs
11606,cats
11607,cats
11608,cats
11609,dogs
11610,cats
11611,dogs
11612,fish aquatic pets
11613,dogs
11614,cats
11615,dogs
11616,dogs
11617,cats
11618,cats
11619,cats
11620,dogs
11621,cats
11622,dogs
11623,dogs
11624,cats
11625,dogs
11626,birds
11627,dogs
11628,cats
11629,dogs
11630,cats
11631,fish aquatic pets
11632,cats
11633,dogs
11634,dogs
11635,dogs
11636,dogs
11637,cats
11638,cats
11639,cats
11640,cats
11641,dogs
11642,cats
11643,cats
11644,cats
11645,dogs
11646,dogs
11647,dogs
11648,cats
11649,cats
11650,cats
11651,dogs
11652,fish aquatic pets
11653,fish aquatic pets
11654,dogs
11655,dogs
11656,dogs
11657,dogs
11658,dogs
11659,cats
11660,cats
11661,dogs
11662,cats
11663,cats
11664,dogs
11665,dogs
11666,cats
11667,cats
11668,dogs
11669,dogs
11670,cats
11671,dogs
11672,cats
11673,cats
11674,cats
11675,cats
11676,cats
11677,dogs
11678,cats
11679,cats
11680,dogs
11681,dogs
11682,cats
11683,cats
11684,dogs
11685,fish aquatic pets
11686,dogs
11687,dogs
11688,cats
11689,dogs
11690,dogs
11691,dogs
11692,cats
11693,cats
11694,cats
11695,dogs
11696,cats
11697,cats
11698,cats
11699,cats
11700,cats
11701,fish aquatic pets
11702,fish aquatic pets
11703,cats
11704,dogs
11705,dogs
11706,cats
11707,cats
11708,cats
11709,cats
11710,cats
11711,dogs
11712,dogs
11713,cats
11714,cats
11715,dogs
11716,dogs
11717,dogs
11718,birds
11719,dogs
11720,dogs
11721,cats
11722,cats
11723,cats
11724,cats
11725,cats
11726,cats
11727,dogs
11728,dogs
11729,dogs
11730,cats
11731,dogs
11732,dogs
11733,dogs
11734,fish aquatic pets
11735,cats
11736,dogs
11737,cats
11738,cats
11739,cats
11740,dogs
11741,dogs
11742,cats
11743,dogs
11744,dogs
11745,fish aquatic pets
11746,dogs
11747,dogs
11748,dogs
11749,cats
11750,cats
11751,cats
11752,dogs
11753,fish aquatic pets
11754,cats
11755,cats
11756,dogs
11757,cats
11758,fish aquatic pets
11759,cats
11760,cats
11761,dogs
11762,cats
11763,cats
11764,cats
11765,cats
11766,dogs
11767,dogs
11768,dogs
11769,cats
11770,cats
11771,dogs
11772,dogs
11773,dogs
11774,cats
11775,dogs
11776,cats
11777,cats
11778,dogs
11779,dogs
11780,dogs
11781,cats
11782,cats
11783,dogs
11784,dogs
11785,cats
11786,dogs
11787,dogs
11788,fish aquatic pets
11789,dogs
11790,dogs
11791,dogs
11792,cats
11793,dogs
11794,dogs
11795,dogs
11796,dogs
11797,dogs
11798,small animals
11799,cats
11800,cats
11801,cats
11802,cats
11803,dogs
11804,dogs
11805,cats
11806,cats
11807,dogs
11808,cats
11809,cats
11810,dogs
11811,dogs
11812,dogs
11813,cats
11814,cats
11815,dogs
11816,dogs
11817,dogs
11818,dogs
11819,dogs
11820,dogs
11821,cats
11822,dogs
11823,dogs
11824,cats
11825,dogs
11826,dogs
11827,cats
11828,cats
11829,dogs
11830,dogs
11831,cats
11832,cats
11833,dogs
11834,cats
11835,dogs
11836,cats
11837,dogs
11838,dogs
11839,dogs
11840,dogs
11841,cats
11842,cats
11843,cats
11844,cats
11845,cats
11846,dogs
11847,dogs
11848,cats
11849,cats
11850,cats
11851,dogs
11852,dogs
11853,cats
11854,dogs
11855,dogs
11856,cats
11857,cats
11858,cats
11859,dogs
11860,dogs
11861,cats
11862,cats
11863,cats
11864,cats
11865,dogs
11866,cats
11867,dogs
11868,dogs
11869,cats
11870,cats
11871,cats
11872,dogs
11873,cats
11874,cats
11875,cats
11876,cats
11877,cats
11878,cats
11879,dogs
11880,dogs
11881,cats
11882,cats
11883,cats
11884,dogs
11885,dogs
11886,cats
11887,dogs
11888,dogs
11889,cats
11890,dogs
11891,dogs
11892,dogs
11893,cats
11894,fish aquatic pets
11895,cats
11896,dogs
11897,cats
11898,dogs
11899,dogs
11900,cats
11901,dogs
11902,cats
11903,cats
11904,cats
11905,cats
11906,cats
11907,cats
11908,dogs
11909,cats
11910,dogs
11911,fish aquatic pets
11912,dogs
11913,dogs
11914,cats
11915,dogs
11916,dogs
11917,cats
11918,cats
11919,dogs
11920,dogs
11921,cats
11922,cats
11923,cats
11924,dogs
11925,dogs
11926,dogs
11927,dogs
11928,cats
11929,cats
11930,cats
11931,dogs
11932,dogs
11933,dogs
11934,cats
11935,cats
11936,cats
11937,dogs
11938,cats
11939,dogs
11940,cats
11941,cats
11942,dogs
11943,dogs
11944,dogs
11945,cats
11946,cats
11947,dogs
11948,dogs
11949,cats
11950,cats
11951,cats
11952,cats
11953,cats
11954,cats
11955,cats
11956,cats
11957,dogs
11958,dogs
11959,cats
11960,dogs
11961,dogs
11962,cats
11963,dogs
11964,dogs
11965,cats
11966,dogs
11967,dogs
11968,cats
11969,dogs
11970,dogs
11971,cats
11972,dogs
11973,cats
11974,dogs
11975,dogs
11976,cats
11977,cats
11978,birds
11979,dogs
11980,cats
11981,dogs
11982,cats
11983,dogs
11984,cats
11985,dogs
11986,cats
11987,dogs
11988,cats
11989,dogs
11990,dogs
11991,dogs
11992,cats
11993,dogs
11994,cats
11995,dogs
11996,cats
11997,dogs
11998,dogs
11999,dogs
12000,dogs
12001,cats
12002,dogs
12003,dogs
12004,dogs
12005,cats
12006,cats
12007,dogs
12008,dogs
12009,cats
12010,dogs
12011,dogs
12012,cats
12013,dogs
12014,bunny rabbit central
12015,dogs
12016,dogs
12017,dogs
12018,cats
12019,cats
12020,cats
12021,cats
12022,cats
12023,cats
12024,fish aquatic pets
12025,dogs
12026,dogs
12027,dogs
12028,cats
12029,cats
12030,dogs
12031,cats
12032,cats
12033,cats
12034,cats
12035,cats
12036,dogs
12037,cats
12038,cats
12039,dogs
12040,dogs
12041,cats
12042,dogs
12043,dogs
12044,dogs
12045,dogs
12046,dogs
12047,cats
12048,cats
12049,dogs
12050,cats
12051,dogs
12052,cats
12053,dogs
12054,cats
12055,dogs
12056,cats
12057,cats
12058,dogs
12059,dogs
12060,dogs
12061,dogs
12062,dogs
12063,cats
12064,dogs
12065,cats
12066,dogs
12067,dogs
12068,dogs
12069,dogs
12070,cats
12071,dogs
12072,dogs
12073,dogs
12074,dogs
12075,dogs
12076,cats
12077,cats
12078,dogs
12079,cats
12080,dogs
12081,dogs
12082,dogs
12083,cats
12084,dogs
12085,dogs
12086,dogs
12087,dogs
12088,dogs
12089,cats
12090,cats
12091,cats
12092,cats
12093,dogs
12094,cats
12095,dogs
12096,cats
12097,dogs
12098,cats
12099,dogs
12100,cats
12101,dogs
12102,dogs
12103,dogs
12104,cats
12105,cats
12106,cats
12107,dogs
12108,dogs
12109,dogs
12110,fish aquatic pets
12111,fish aquatic pets
12112,dogs
12113,birds
12114,cats
12115,cats
12116,dogs
12117,birds
12118,cats
12119,dogs
12120,dogs
12121,dogs
12122,fish aquatic pets
12123,dogs
12124,cats
12125,dogs
12126,cats
12127,dogs
12128,dogs
12129,dogs
12130,cats
12131,dogs
12132,dogs
12133,cats
12134,dogs
12135,birds
12136,cats
12137,dogs
12138,dogs
12139,cats
12140,dogs
12141,dogs
12142,cats
12143,cats
12144,dogs
12145,dogs
12146,cats
12147,cats
12148,cats
12149,cats
12150,dogs
12151,dogs
12152,dogs
12153,dogs
12154,cats
12155,dogs
12156,dogs
12157,cats
12158,cats
12159,dogs
12160,dogs
12161,cats
12162,dogs
12163,dogs
12164,cats
12165,dogs
12166,dogs
12167,cats
12168,dogs
12169,dogs
12170,dogs
12171,cats
12172,dogs
12173,dogs
12174,cats
12175,dogs
12176,cats
12177,dogs
12178,dogs
12179,dogs
12180,cats
12181,cats
12182,cats
12183,dogs
12184,dogs
12185,cats
12186,cats
12187,dogs
12188,dogs
12189,dogs
12190,dogs
12191,dogs
12192,cats
12193,dogs
12194,dogs
12195,fish aquatic pets
12196,dogs
12197,dogs
12198,cats
12199,dogs
12200,cats
12201,cats
12202,dogs
12203,dogs
12204,dogs
12205,dogs
12206,cats
12207,cats
12208,cats
12209,dogs
12210,cats
12211,cats
12212,cats
12213,cats
12214,cats
12215,dogs
12216,dogs
12217,dogs
12218,cats
12219,dogs
12220,dogs
12221,dogs
12222,dogs
12223,cats
12224,dogs
12225,dogs
12226,fish aquatic pets
12227,cats
12228,cats
12229,cats
12230,fish aquatic pets
12231,fish aquatic pets
12232,dogs
12233,cats
12234,dogs
12235,dogs
12236,dogs
12237,cats
12238,cats
12239,cats
12240,cats
12241,small animals
12242,dogs
12243,cats
12244,cats
12245,dogs
12246,dogs
12247,cats
12248,dogs
12249,dogs
12250,dogs
12251,cats
12252,dogs
12253,dogs
12254,cats
12255,cats
12256,cats
12257,dogs
12258,fish aquatic pets
12259,dogs
12260,dogs
12261,cats
12262,cats
12263,dogs
12264,cats
12265,dogs
12266,dogs
12267,cats
12268,cats
12269,dogs
12270,cats
12271,dogs
12272,cats
12273,cats
12274,dogs
12275,dogs
12276,dogs
12277,dogs
12278,dogs
12279,dogs
12280,dogs
12281,dogs
12282,cats
12283,cats
12284,cats
12285,cats
12286,dogs
12287,dogs
12288,dogs
12289,dogs
12290,cats
12291,cats
12292,cats
12293,dogs
12294,cats
12295,dogs
12296,cats
12297,cats
12298,dogs
12299,dogs
12300,dogs
12301,dogs
12302,dogs
12303,cats
12304,dogs
12305,dogs
12306,dogs
12307,dogs
12308,cats
12309,cats
12310,cats
12311,cats
12312,cats
12313,cats
12314,cats
12315,cats
12316,dogs
12317,dogs
12318,fish aquatic pets
12319,dogs
12320,cats
12321,cats
12322,dogs
12323,bunny rabbit central
12324,cats
12325,dogs
12326,dogs
12327,dogs
12328,dogs
12329,dogs
12330,dogs
12331,dogs
12332,dogs
12333,dogs
12334,cats
12335,dogs
12336,dogs
12337,dogs
12338,dogs
12339,dogs
12340,dogs
12341,dogs
12342,cats
12343,cats
12344,dogs
12345,dogs
12346,cats
12347,cats
12348,cats
12349,cats
12350,dogs
12351,dogs
12352,cats
12353,cats
12354,cats
12355,cats
12356,cats
12357,cats
12358,dogs
12359,cats
12360,cats
12361,dogs
12362,cats
12363,cats
12364,dogs
12365,dogs
12366,fish aquatic pets
12367,fish aquatic pets
12368,dogs
12369,dogs
12370,cats
12371,dogs
12372,dogs
12373,cats
12374,dogs
12375,cats
12376,cats
12377,cats
12378,dogs
12379,dogs
12380,dogs
12381,cats
12382,dogs
12383,dogs
12384,cats
12385,dogs
12386,dogs
12387,dogs
12388,dogs
12389,cats
12390,dogs
12391,dogs
12392,dogs
12393,dogs
12394,dogs
12395,dogs
12396,dogs
12397,dogs
12398,dogs
12399,fish aquatic pets
12400,dogs
12401,cats
12402,dogs
12403,dogs
12404,cats
12405,dogs
12406,fish aquatic pets
12407,cats
12408,cats
12409,dogs
12410,dogs
12411,fish aquatic pets
12412,dogs
12413,dogs
12414,cats
12415,cats
12416,cats
12417,dogs
12418,dogs
12419,dogs
12420,dogs
12421,cats
12422,dogs
12423,cats
12424,cats
12425,dogs
12426,cats
12427,cats
12428,dogs
12429,cats
12430,fish aquatic pets
12431,dogs
12432,cats
12433,cats
12434,cats
12435,cats
12436,dogs
12437,cats
12438,cats
12439,cats
12440,dogs
12441,dogs
12442,birds
12443,dogs
12444,dogs
12445,fish aquatic pets
12446,dogs
12447,cats
12448,cats
12449,cats
12450,dogs
12451,dogs
12452,dogs
12453,cats
12454,cats
12455,cats
12456,dogs
12457,dogs
12458,dogs
12459,dogs
12460,cats
12461,dogs
12462,cats
12463,dogs
12464,cats
12465,cats
12466,cats
12467,dogs
12468,cats
12469,cats
12470,cats
12471,cats
12472,dogs
12473,cats
12474,cats
12475,dogs
12476,bunny rabbit central
12477,dogs
12478,dogs
12479,dogs
12480,dogs
12481,dogs
12482,dogs
12483,dogs
12484,cats
12485,dogs
12486,cats
12487,cats
12488,cats
12489,cats
12490,cats
12491,cats
12492,cats
12493,cats
12494,dogs
12495,cats
12496,cats
12497,cats
12498,dogs
12499,dogs
12500,dogs
12501,dogs
12502,cats
12503,dogs
12504,dogs
12505,cats
12506,cats
12507,cats
12508,dogs
12509,cats
12510,cats
12511,cats
12512,dogs
12513,cats
12514,dogs
12515,dogs
12516,dogs
12517,cats
12518,cats
12519,dogs
12520,dogs
12521,cats
12522,dogs
12523,dogs
12524,dogs
12525,cats
12526,cats
12527,dogs
12528,dogs
12529,dogs
12530,dogs
12531,dogs
12532,cats
12533,dogs
12534,cats
12535,dogs
12536,cats
12537,dogs
12538,dogs
12539,dogs
12540,dogs
12541,cats
12542,dogs
12543,dogs
12544,fish aquatic pets
12545,dogs
12546,dogs
12547,dogs
12548,dogs
12549,cats
12550,dogs
12551,cats
12552,dogs
12553,cats
12554,cats
12555,cats
12556,cats
12557,cats
12558,dogs
12559,cats
12560,cats
12561,cats
12562,dogs
12563,cats
12564,dogs
12565,cats
12566,cats
12567,cats
12568,cats
12569,cats
12570,dogs
12571,dogs
12572,cats
12573,dogs
12574,dogs
12575,dogs
12576,dogs
12577,cats
12578,cats
12579,cats
12580,cats
12581,dogs
12582,dogs
12583,dogs
12584,dogs
12585,dogs
12586,dogs
12587,cats
12588,cats
12589,cats
12590,dogs
12591,dogs
12592,cats
12593,dogs
12594,dogs
12595,dogs
12596,dogs
12597,dogs
12598,dogs
12599,dogs
12600,dogs
12601,cats
12602,cats
12603,cats
12604,dogs
12605,cats
12606,fish aquatic pets
12607,dogs
12608,dogs
12609,cats
12610,dogs
12611,cats
12612,dogs
12613,cats
12614,cats
12615,dogs
12616,dogs
12617,dogs
12618,dogs
12619,cats
12620,cats
12621,cats
12622,dogs
12623,dogs
12624,dogs
12625,cats
12626,dogs
12627,cats
12628,dogs
12629,cats
12630,cats
12631,cats
12632,dogs
12633,cats
12634,dogs
12635,cats
12636,cats
12637,cats
12638,dogs
12639,dogs
12640,cats
12641,dogs
12642,dogs
12643,cats
12644,dogs
12645,dogs
12646,dogs
12647,dogs
12648,cats
12649,cats
12650,dogs
12651,dogs
12652,cats
12653,cats
12654,dogs
12655,dogs
12656,dogs
12657,fish aquatic pets
12658,cats
12659,dogs
12660,birds
12661,dogs
12662,cats
12663,cats
12664,dogs
12665,dogs
12666,dogs
12667,cats
12668,dogs
12669,dogs
12670,dogs
12671,cats
12672,dogs
12673,dogs
12674,dogs
12675,dogs
12676,cats
12677,dogs
12678,dogs
12679,cats
12680,dogs
12681,cats
12682,dogs
12683,cats
12684,cats
12685,cats
12686,dogs
12687,cats
12688,cats
12689,dogs
12690,dogs
12691,dogs
12692,dogs
12693,cats
12694,cats
12695,cats
12696,dogs
12697,dogs
12698,cats
12699,cats
12700,dogs
12701,cats
12702,cats
12703,dogs
12704,cats
12705,dogs
12706,dogs
12707,dogs
12708,dogs
12709,dogs
12710,cats
12711,dogs
12712,dogs
12713,dogs
12714,dogs
12715,fish aquatic pets
12716,dogs
12717,cats
12718,dogs
12719,cats
12720,dogs
12721,cats
12722,dogs
12723,cats
12724,dogs
12725,dogs
12726,cats
12727,dogs
12728,cats
12729,dogs
12730,cats
12731,dogs
12732,cats
12733,cats
12734,dogs
12735,cats
12736,fish aquatic pets
12737,cats
12738,dogs
12739,dogs
12740,cats
12741,cats
12742,cats
12743,dogs
12744,cats
12745,dogs
12746,fish aquatic pets
12747,dogs
12748,dogs
12749,cats
12750,dogs
12751,cats
12752,dogs
12753,dogs
12754,dogs
12755,cats
12756,cats
12757,cats
12758,cats
12759,dogs
12760,cats
12761,cats
12762,dogs
12763,dogs
12764,cats
12765,dogs
12766,dogs
12767,cats
12768,dogs
12769,dogs
12770,dogs
12771,dogs
12772,cats
12773,cats
12774,cats
12775,dogs
12776,cats
12777,cats
12778,cats
12779,cats
12780,dogs
12781,cats
12782,dogs
12783,cats
12784,dogs
12785,cats
12786,cats
12787,dogs
12788,dogs
12789,dogs
12790,dogs
12791,dogs
12792,dogs
12793,dogs
12794,cats
12795,cats
12796,dogs
12797,dogs
12798,dogs
12799,dogs
12800,cats
12801,cats
12802,dogs
12803,dogs
12804,cats
12805,cats
12806,cats
12807,birds
12808,dogs
12809,cats
12810,birds
12811,birds
12812,dogs
12813,cats
12814,dogs
12815,dogs
12816,cats
12817,dogs
12818,dogs
12819,dogs
12820,dogs
12821,dogs
12822,dogs
12823,cats
12824,cats
12825,dogs
12826,cats
12827,cats
12828,cats
12829,dogs
12830,dogs
12831,dogs
12832,cats
12833,dogs
12834,cats
12835,cats
12836,dogs
12837,dogs
12838,cats
12839,dogs
12840,cats
12841,cats
12842,dogs
12843,cats
12844,cats
12845,dogs
12846,dogs
12847,cats
12848,dogs
12849,cats
12850,cats
12851,dogs
12852,cats
12853,cats
12854,cats
12855,dogs
12856,dogs
12857,dogs
12858,cats
12859,cats
12860,dogs
12861,dogs
12862,dogs
12863,cats
12864,dogs
12865,cats
12866,cats
12867,dogs
12868,cats
12869,dogs
12870,cats
12871,dogs
12872,dogs
12873,dogs
12874,cats
12875,cats
12876,dogs
12877,cats
12878,cats
12879,cats
12880,cats
12881,dogs
12882,cats
12883,cats
12884,dogs
12885,dogs
12886,cats
12887,cats
12888,dogs
12889,cats
12890,dogs
12891,dogs
12892,dogs
12893,cats
12894,cats
12895,dogs
12896,cats
12897,dogs
12898,dogs
12899,cats
12900,cats
12901,cats
12902,dogs
12903,dogs
12904,dogs
12905,dogs
12906,cats
12907,dogs
12908,dogs
12909,dogs
12910,dogs
12911,cats
12912,dogs
12913,cats
12914,dogs
12915,dogs
12916,dogs
12917,dogs
12918,cats
12919,cats
12920,cats
12921,dogs
12922,dogs
12923,dogs
12924,cats
12925,dogs
12926,dogs
12927,cats
12928,cats
12929,cats
12930,cats
12931,dogs
12932,dogs
12933,cats
12934,dogs
12935,dogs
12936,fish aquatic pets
12937,dogs
12938,dogs
12939,dogs
12940,cats
12941,dogs
12942,dogs
12943,cats
12944,dogs
12945,dogs
12946,dogs
12947,dogs
12948,cats
12949,cats
12950,dogs
12951,dogs
12952,cats
12953,cats
12954,dogs
12955,dogs
12956,cats
12957,cats
12958,cats
12959,cats
12960,dogs
12961,cats
12962,cats
12963,cats
12964,cats
12965,cats
12966,cats
12967,dogs
12968,dogs
12969,dogs
12970,dogs
12971,cats
12972,cats
12973,cats
12974,cats
12975,cats
12976,dogs
12977,cats
12978,cats
12979,dogs
12980,dogs
12981,dogs
12982,dogs
12983,cats
12984,cats
12985,dogs
12986,cats
12987,dogs
12988,cats
12989,cats
12990,dogs
12991,cats
12992,fish aquatic pets
12993,dogs
12994,dogs
12995,dogs
12996,dogs
12997,cats
12998,cats
12999,cats
13000,dogs
13001,dogs
13002,dogs
13003,dogs
13004,dogs
13005,dogs
13006,cats
13007,dogs
13008,dogs
13009,fish aquatic pets
13010,cats
13011,dogs
13012,dogs
13013,dogs
13014,dogs
13015,dogs
13016,dogs
13017,cats
13018,cats
13019,dogs
13020,dogs
13021,dogs
13022,cats
13023,dogs
13024,cats
13025,cats
13026,dogs
13027,cats
13028,dogs
13029,cats
13030,dogs
13031,dogs
13032,dogs
13033,cats
13034,cats
13035,dogs
13036,cats
13037,cats
13038,dogs
13039,cats
13040,birds
13041,cats
13042,cats
13043,dogs
13044,cats
13045,dogs
13046,cats
13047,dogs
13048,cats
13049,dogs
13050,cats
13051,cats
13052,dogs
13053,cats
13054,dogs
13055,dogs
13056,dogs
13057,dogs
13058,dogs
13059,dogs
13060,dogs
13061,dogs
13062,cats
13063,dogs
13064,cats
13065,cats
13066,cats
13067,cats
13068,cats
13069,cats
13070,dogs
13071,cats
13072,dogs
13073,dogs
13074,dogs
13075,birds
13076,fish aquatic pets
13077,dogs
13078,dogs
13079,fish aquatic pets
13080,dogs
13081,cats
13082,cats
13083,dogs
13084,dogs
13085,cats
13086,cats
13087,dogs
13088,dogs
13089,dogs
13090,dogs
13091,dogs
13092,dogs
13093,dogs
13094,dogs
13095,dogs
13096,cats
13097,dogs
13098,dogs
13099,cats
13100,dogs
13101,dogs
13102,cats
13103,dogs
13104,dogs
13105,cats
13106,dogs
13107,dogs
13108,dogs
13109,dogs
13110,dogs
13111,dogs
13112,cats
13113,cats
13114,dogs
13115,fish aquatic pets
13116,cats
13117,dogs
13118,cats
13119,dogs
13120,dogs
13121,cats
13122,dogs
13123,dogs
13124,fish aquatic pets
13125,dogs
13126,cats
13127,dogs
13128,cats
13129,dogs
13130,cats
13131,dogs
13132,cats
13133,cats
13134,dogs
13135,dogs
13136,dogs
13137,cats
13138,dogs
13139,dogs
13140,dogs
13141,cats
13142,fish aquatic pets
13143,dogs
13144,cats
13145,dogs
13146,dogs
13147,dogs
13148,cats
13149,cats
13150,dogs
13151,cats
13152,cats
13153,dogs
13154,cats
13155,cats
13156,dogs
13157,dogs
13158,dogs
13159,fish aquatic pets
13160,cats
13161,cats
13162,dogs
13163,cats
13164,dogs
13165,cats
13166,cats
13167,dogs
13168,dogs
13169,dogs
13170,dogs
13171,dogs
13172,dogs
13173,dogs
13174,dogs
13175,cats
13176,dogs
13177,dogs
13178,cats
13179,cats
13180,cats
13181,cats
13182,dogs
13183,cats
13184,fish aquatic pets
13185,fish aquatic pets
13186,cats
13187,cats
13188,cats
13189,cats
13190,cats
13191,dogs
13192,cats
13193,dogs
13194,cats
13195,dogs
13196,dogs
13197,cats
13198,dogs
13199,dogs
13200,dogs
13201,cats
13202,dogs
13203,dogs
13204,dogs
13205,cats
13206,fish aquatic pets
13207,cats
13208,cats
13209,dogs
13210,cats
13211,cats
13212,dogs
13213,cats
13214,cats
13215,cats
13216,dogs
13217,dogs
13218,cats
13219,dogs
13220,cats
13221,dogs
13222,dogs
13223,dogs
13224,cats
13225,dogs
13226,cats
13227,cats
13228,dogs
13229,dogs
13230,cats
13231,dogs
13232,dogs
13233,dogs
13234,dogs
13235,dogs
13236,dogs
13237,cats
13238,dogs
13239,dogs
13240,cats
13241,cats
13242,dogs
13243,dogs
13244,cats
13245,dogs
13246,cats
13247,dogs
13248,fish aquatic pets
13249,dogs
13250,dogs
13251,cats
13252,fish aquatic pets
13253,cats
13254,cats
13255,cats
13256,dogs
13257,cats
13258,cats
13259,dogs
13260,dogs
13261,cats
13262,cats
13263,dogs
13264,cats
13265,dogs
13266,cats
13267,dogs
13268,dogs
13269,cats
13270,dogs
13271,dogs
13272,dogs
13273,dogs
13274,cats
13275,cats
13276,dogs
13277,cats
13278,dogs
13279,cats
13280,cats
13281,dogs
13282,dogs
13283,dogs
13284,dogs
13285,cats
13286,cats
13287,cats
13288,cats
13289,dogs
13290,dogs
13291,dogs
13292,dogs
13293,dogs
13294,cats
13295,cats
13296,dogs
13297,cats
13298,cats
13299,cats
13300,cats
13301,dogs
13302,dogs
13303,dogs
13304,dogs
13305,dogs
13306,cats
13307,cats
13308,dogs
13309,cats
13310,cats
13311,dogs
13312,dogs
13313,dogs
13314,dogs
13315,cats
13316,dogs
13317,cats
13318,dogs
13319,dogs
13320,dogs
13321,dogs
13322,dogs
13323,cats
13324,dogs
13325,dogs
13326,dogs
13327,dogs
13328,dogs
13329,cats
13330,dogs
13331,dogs
13332,cats
13333,cats
13334,cats
13335,dogs
13336,cats
13337,dogs
13338,cats
13339,dogs
13340,dogs
13341,cats
13342,dogs
13343,dogs
13344,dogs
13345,cats
13346,cats
13347,dogs
13348,cats
13349,dogs
13350,cats
13351,cats
13352,fish aquatic pets
13353,dogs
13354,fish aquatic pets
13355,cats
13356,dogs
13357,cats
13358,cats
13359,dogs
13360,dogs
13361,dogs
13362,dogs
13363,dogs
13364,dogs
13365,cats
13366,cats
13367,cats
13368,dogs
13369,cats
13370,dogs
13371,dogs
13372,cats
13373,dogs
13374,cats
13375,cats
13376,dogs
13377,dogs
13378,dogs
13379,cats
13380,dogs
13381,dogs
13382,cats
13383,bunny rabbit central
13384,cats
13385,dogs
13386,cats
13387,dogs
13388,dogs
13389,dogs
13390,small animals
13391,cats
13392,cats
13393,cats
13394,dogs
13395,dogs
13396,dogs
13397,dogs
13398,dogs
13399,dogs
13400,cats
13401,dogs
13402,cats
13403,cats
13404,cats
13405,dogs
13406,dogs
13407,dogs
13408,dogs
13409,cats
13410,cats
13411,dogs
13412,dogs
13413,cats
13414,dogs
13415,cats
13416,dogs
13417,cats
13418,cats
13419,dogs
13420,cats
13421,dogs
13422,dogs
13423,cats
13424,dogs
13425,cats
13426,cats
13427,dogs
13428,cats
13429,dogs
13430,cats
13431,cats
13432,fish aquatic pets
13433,cats
13434,cats
13435,cats
13436,cats
13437,cats
13438,cats
13439,dogs
13440,dogs
13441,cats
13442,dogs
13443,cats
13444,cats
13445,dogs
13446,cats
13447,dogs
13448,cats
13449,dogs
13450,cats
13451,cats
13452,cats
13453,cats
13454,cats
13455,cats
13456,dogs
13457,cats
13458,dogs
13459,dogs
13460,dogs
13461,dogs
13462,cats
13463,dogs
13464,cats
13465,cats
13466,cats
13467,cats
13468,dogs
13469,dogs
13470,cats
13471,cats
13472,cats
13473,dogs
13474,cats
13475,cats
13476,dogs
13477,fish aquatic pets
13478,dogs
13479,dogs
13480,dogs
13481,dogs
13482,cats
13483,dogs
13484,dogs
13485,dogs
13486,cats
13487,dogs
13488,dogs
13489,cats
13490,dogs
13491,cats
13492,cats
13493,birds
13494,dogs
13495,dogs
13496,cats
13497,cats
13498,dogs
13499,dogs
13500,dogs
13501,dogs
13502,dogs
13503,dogs
13504,cats
13505,dogs
13506,dogs
13507,cats
13508,cats
13509,cats
13510,dogs
13511,cats
13512,cats
13513,dogs
13514,dogs
13515,cats
13516,cats
13517,dogs
13518,cats
13519,dogs
13520,cats
13521,dogs
13522,dogs
13523,dogs
13524,dogs
13525,cats
13526,cats
13527,dogs
13528,dogs
13529,dogs
13530,dogs
13531,cats
13532,cats
13533,fish aquatic pets
13534,cats
13535,fish aquatic pets
13536,dogs
13537,cats
13538,cats
13539,dogs
13540,dogs
13541,cats
13542,dogs
13543,dogs
13544,cats
13545,dogs
13546,dogs
13547,dogs
13548,dogs
13549,cats
13550,dogs
13551,fish aquatic pets
13552,cats
13553,dogs
13554,dogs
13555,cats
13556,cats
13557,dogs
13558,dogs
13559,cats
13560,cats
13561,cats
13562,cats
13563,bunny rabbit central
13564,cats
13565,dogs
13566,dogs
13567,cats
13568,cats
13569,cats
13570,cats
13571,cats
13572,dogs
13573,cats
13574,dogs
13575,dogs
13576,cats
13577,dogs
13578,fish aquatic pets
13579,dogs
13580,dogs
13581,dogs
13582,dogs
13583,dogs
13584,dogs
13585,dogs
13586,dogs
13587,dogs
13588,dogs
13589,dogs
13590,dogs
13591,cats
13592,dogs
13593,cats
13594,cats
13595,fish aquatic pets
13596,cats
13597,cats
13598,dogs
13599,dogs
13600,dogs
13601,cats
13602,dogs
13603,dogs
13604,cats
13605,cats
13606,cats
13607,dogs
13608,dogs
13609,cats
13610,cats
13611,cats
13612,dogs
13613,cats
13614,cats
13615,dogs
13616,cats
13617,dogs
13618,cats
13619,cats
13620,dogs
13621,dogs
13622,cats
13623,cats
13624,cats
13625,cats
13626,dogs
13627,cats
13628,dogs
13629,cats
13630,fish aquatic pets
13631,dogs
13632,dogs
13633,dogs
13634,cats
13635,cats
13636,dogs
13637,fish aquatic pets
13638,fish aquatic pets
13639,dogs
13640,cats
13641,dogs
13642,cats
13643,cats
13644,cats
13645,fish aquatic pets
13646,fish aquatic pets
13647,dogs
13648,dogs
13649,dogs
13650,cats
13651,dogs
13652,dogs
13653,dogs
13654,dogs
13655,cats
13656,dogs
13657,cats
13658,dogs
13659,dogs
13660,cats
13661,dogs
13662,cats
13663,cats
13664,cats
13665,dogs
13666,dogs
13667,cats
13668,dogs
13669,cats
13670,cats
13671,cats
13672,cats
13673,dogs
13674,cats
13675,cats
13676,cats
13677,cats
13678,dogs
13679,cats
13680,dogs
13681,dogs
13682,dogs
13683,cats
13684,dogs
13685,dogs
13686,cats
13687,cats
13688,dogs
13689,cats
13690,dogs
13691,cats
13692,cats
13693,fish aquatic pets
13694,dogs
13695,dogs
13696,dogs
13697,cats
13698,cats
13699,dogs
13700,cats
13701,dogs
13702,cats
13703,cats
13704,dogs
13705,dogs
13706,dogs
13707,dogs
13708,cats
13709,cats
13710,dogs
13711,dogs
13712,cats
13713,cats
13714,dogs
13715,dogs
13716,dogs
13717,cats
13718,cats
13719,dogs
13720,dogs
13721,cats
13722,cats
13723,cats
13724,cats
13725,cats
13726,cats
13727,dogs
13728,dogs
13729,dogs
13730,dogs
13731,dogs
13732,cats
13733,cats
13734,dogs
13735,cats
13736,dogs
13737,dogs
13738,cats
13739,dogs
13740,dogs
13741,dogs
13742,cats
13743,cats
13744,dogs
13745,dogs
13746,cats
13747,cats
13748,dogs
13749,dogs
13750,cats
13751,dogs
13752,cats
13753,dogs
13754,cats
13755,dogs
13756,dogs
13757,dogs
13758,cats
13759,cats
13760,dogs
13761,dogs
13762,cats
13763,dogs
13764,cats
13765,fish aquatic pets
13766,cats
13767,dogs
13768,dogs
13769,dogs
13770,dogs
13771,cats
13772,cats
13773,dogs
13774,dogs
13775,dogs
13776,dogs
13777,dogs
13778,dogs
13779,dogs
13780,fish aquatic pets
13781,cats
13782,dogs
13783,cats
13784,cats
13785,cats
13786,cats
13787,dogs
13788,fish aquatic pets
13789,cats
13790,dogs
13791,dogs
13792,cats
13793,dogs
13794,dogs
13795,cats
13796,dogs
13797,cats
13798,dogs
13799,cats
13800,cats
13801,dogs
13802,cats
13803,dogs
13804,cats
13805,cats
13806,fish aquatic pets
13807,dogs
13808,cats
13809,dogs
13810,cats
13811,dogs
13812,dogs
13813,dogs
13814,cats
13815,dogs
13816,dogs
13817,dogs
13818,cats
13819,dogs
13820,cats
13821,dogs
13822,dogs
13823,dogs
13824,dogs
13825,cats
13826,cats
13827,dogs
13828,dogs
13829,cats
13830,cats
13831,dogs
13832,cats
13833,dogs
13834,cats
13835,dogs
13836,dogs
13837,dogs
13838,dogs
13839,dogs
13840,cats
13841,cats
13842,dogs
13843,cats
13844,dogs
13845,dogs
13846,cats
13847,cats
13848,dogs
13849,dogs
13850,cats
13851,dogs
13852,dogs
13853,cats
13854,dogs
13855,fish aquatic pets
13856,dogs
13857,cats
13858,fish aquatic pets
13859,dogs
13860,dogs
13861,cats
13862,dogs
13863,dogs
13864,cats
13865,dogs
13866,cats
13867,dogs
13868,dogs
13869,dogs
13870,dogs
13871,cats
13872,dogs
13873,cats
13874,cats
13875,dogs
13876,dogs
13877,cats
13878,cats
13879,cats
13880,dogs
13881,dogs
13882,dogs
13883,dogs
13884,birds
13885,dogs
13886,cats
13887,dogs
13888,dogs
13889,cats
13890,dogs
13891,cats
13892,cats
13893,cats
13894,cats
13895,cats
13896,cats
13897,dogs
13898,dogs
13899,dogs
13900,dogs
13901,dogs
13902,cats
13903,dogs
13904,cats
13905,cats
13906,dogs
13907,dogs
13908,dogs
13909,cats
13910,cats
13911,cats
13912,cats
13913,dogs
13914,dogs
13915,fish aquatic pets
13916,dogs
13917,cats
13918,dogs
13919,fish aquatic pets
13920,dogs
13921,cats
13922,cats
13923,dogs
13924,cats
13925,cats
13926,dogs
13927,cats
13928,cats
13929,dogs
13930,cats
13931,cats
13932,dogs
13933,dogs
13934,dogs
13935,dogs
13936,dogs
13937,cats
13938,dogs
13939,dogs
13940,cats
13941,cats
13942,dogs
13943,cats
13944,dogs
13945,dogs
13946,cats
13947,dogs
13948,cats
13949,cats
13950,dogs
13951,cats
13952,dogs
13953,dogs
13954,dogs
13955,dogs
13956,cats
13957,cats
13958,cats
13959,dogs
13960,dogs
13961,dogs
13962,dogs
13963,dogs
13964,dogs
13965,cats
13966,cats
13967,dogs
13968,dogs
13969,dogs
13970,dogs
13971,dogs
13972,dogs
13973,dogs
13974,dogs
13975,dogs
13976,dogs
13977,dogs
13978,dogs
13979,dogs
13980,dogs
13981,dogs
13982,dogs
13983,dogs
13984,cats
13985,cats
13986,dogs
13987,cats
13988,cats
13989,dogs
13990,dogs
13991,cats
13992,dogs
13993,cats
13994,cats
13995,dogs
13996,dogs
13997,cats
13998,dogs
13999,dogs
14000,dogs
14001,dogs
14002,cats
14003,cats
14004,cats
14005,cats
14006,cats
14007,cats
14008,dogs
14009,dogs
14010,cats
14011,dogs
14012,dogs
14013,cats
14014,cats
14015,dogs
14016,dogs
14017,cats
14018,cats
14019,dogs
14020,cats
14021,dogs
14022,dogs
14023,cats
14024,dogs
14025,dogs
14026,dogs
14027,cats
14028,cats
14029,dogs
14030,cats
14031,dogs
14032,cats
14033,cats
14034,dogs
14035,cats
14036,cats
14037,dogs
14038,dogs
14039,cats
14040,dogs
14041,dogs
14042,cats
14043,dogs
14044,dogs
14045,dogs
14046,cats
14047,dogs
14048,dogs
14049,dogs
14050,cats
14051,dogs
14052,dogs
14053,dogs
14054,cats
14055,cats
14056,dogs
14057,dogs
14058,dogs
14059,cats
14060,dogs
14061,dogs
14062,cats
14063,cats
14064,dogs
14065,dogs
14066,dogs
14067,cats
14068,cats
14069,dogs
14070,dogs
14071,cats
14072,dogs
14073,cats
14074,fish aquatic pets
14075,cats
14076,cats
14077,cats
14078,dogs
14079,dogs
14080,dogs
14081,dogs
14082,cats
14083,cats
14084,dogs
14085,dogs
14086,dogs
14087,cats
14088,cats
14089,dogs
14090,dogs
14091,cats
14092,cats
14093,dogs
14094,cats
14095,dogs
14096,cats
14097,cats
14098,dogs
14099,fish aquatic pets
14100,dogs
14101,dogs
14102,fish aquatic pets
14103,dogs
14104,cats
14105,cats
14106,cats
14107,dogs
14108,dogs
14109,dogs
14110,fish aquatic pets
14111,cats
14112,dogs
14113,dogs
14114,dogs
14115,cats
14116,cats
14117,dogs
14118,fish aquatic pets
14119,dogs
14120,cats
14121,cats
14122,dogs
14123,dogs
14124,dogs
14125,dogs
14126,cats
14127,dogs
14128,cats
14129,dogs
14130,dogs
14131,dogs
14132,cats
14133,cats
14134,cats
14135,cats
14136,dogs
14137,cats
14138,dogs
14139,dogs
14140,dogs
14141,dogs
14142,dogs
14143,cats
14144,dogs
14145,bunny rabbit central
14146,cats
14147,dogs
14148,dogs
14149,dogs
14150,dogs
14151,cats
14152,dogs
14153,dogs
14154,dogs
14155,dogs
14156,cats
14157,cats
14158,dogs
14159,cats
14160,cats
14161,dogs
14162,dogs
14163,dogs
14164,dogs
14165,cats
14166,dogs
14167,cats
14168,dogs
14169,dogs
14170,dogs
14171,cats
14172,dogs
14173,cats
14174,cats
14175,dogs
14176,dogs
14177,cats
14178,fish aquatic pets
14179,cats
14180,dogs
14181,dogs
14182,dogs
14183,cats
14184,dogs
14185,cats
14186,cats
14187,cats
14188,dogs
14189,cats
14190,dogs
14191,cats
14192,dogs
14193,cats
14194,dogs
14195,dogs
14196,dogs
14197,cats
14198,dogs
14199,dogs
14200,dogs
14201,dogs
14202,cats
14203,dogs
14204,cats
14205,cats
14206,dogs
14207,dogs
14208,dogs
14209,birds
14210,cats
14211,dogs
14212,dogs
14213,cats
14214,dogs
14215,dogs
14216,cats
14217,cats
14218,cats
14219,dogs
14220,cats
14221,cats
14222,cats
14223,cats
14224,cats
14225,cats
14226,cats
14227,dogs
14228,cats
14229,dogs
14230,cats
14231,fish aquatic pets
14232,cats
14233,cats
14234,dogs
14235,dogs
14236,dogs
14237,dogs
14238,cats
14239,dogs
14240,dogs
14241,cats
14242,cats
14243,dogs
14244,cats
14245,cats
14246,dogs
14247,dogs
14248,dogs
14249,dogs
14250,dogs
14251,dogs
14252,cats
14253,dogs
14254,dogs
14255,dogs
14256,cats
14257,cats
14258,cats
14259,dogs
14260,dogs
14261,cats
14262,cats
14263,cats
14264,cats
14265,cats
14266,cats
14267,cats
14268,cats
14269,dogs
14270,dogs
14271,cats
14272,cats
14273,cats
14274,dogs
14275,cats
14276,dogs
14277,cats
14278,dogs
14279,dogs
14280,dogs
14281,dogs
14282,cats
14283,cats
14284,dogs
14285,dogs
14286,dogs
14287,dogs
14288,dogs
14289,dogs
14290,dogs
14291,dogs
14292,cats
14293,dogs
14294,dogs
14295,cats
14296,cats
14297,cats
14298,dogs
14299,cats
14300,dogs
14301,dogs
14302,cats
14303,dogs
14304,cats
14305,cats
14306,dogs
14307,dogs
14308,dogs
14309,dogs
14310,dogs
14311,dogs
14312,dogs
14313,fish aquatic pets
14314,cats
14315,dogs
14316,dogs
14317,cats
14318,cats
14319,cats
14320,cats
14321,dogs
14322,fish aquatic pets
14323,dogs
14324,cats
14325,cats
14326,dogs
14327,dogs
14328,dogs
14329,cats
14330,cats
14331,dogs
14332,dogs
14333,cats
14334,dogs
14335,dogs
14336,dogs
14337,dogs
14338,dogs
14339,dogs
14340,dogs
14341,cats
14342,fish aquatic pets
14343,dogs
14344,dogs
14345,dogs
14346,fish aquatic pets
14347,cats
14348,dogs
14349,dogs
14350,dogs
14351,dogs
14352,cats
14353,birds
14354,cats
14355,dogs
14356,dogs
14357,cats
14358,dogs
14359,cats
14360,cats
14361,cats
14362,cats
14363,dogs
14364,dogs
14365,cats
14366,dogs
14367,dogs
14368,dogs
14369,dogs
14370,dogs
14371,dogs
14372,dogs
14373,dogs
14374,dogs
14375,dogs
14376,cats
14377,dogs
14378,cats
14379,dogs
14380,dogs
14381,cats
14382,dogs
14383,cats
14384,fish aquatic pets
14385,cats
14386,dogs
14387,cats
14388,cats
14389,cats
14390,dogs
14391,dogs
14392,cats
14393,dogs
14394,cats
14395,dogs
14396,cats
14397,cats
14398,cats
14399,dogs
14400,dogs
14401,dogs
14402,fish aquatic pets
14403,dogs
14404,cats
14405,fish aquatic pets
14406,cats
14407,cats
14408,dogs
14409,dogs
14410,dogs
14411,dogs
14412,dogs
14413,dogs
14414,dogs
14415,cats
14416,cats
14417,cats
14418,cats
14419,dogs
14420,cats
14421,dogs
14422,dogs
14423,fish aquatic pets
14424,dogs
14425,cats
14426,cats
14427,dogs
14428,dogs
14429,dogs
14430,dogs
14431,cats
14432,dogs
14433,birds
14434,cats
14435,cats
14436,cats
14437,dogs
14438,dogs
14439,dogs
14440,dogs
14441,dogs
14442,cats
14443,fish aquatic pets
14444,dogs
14445,dogs
14446,cats
14447,dogs
14448,dogs
14449,dogs
14450,dogs
14451,dogs
14452,dogs
14453,cats
14454,dogs
14455,dogs
14456,dogs
14457,cats
14458,cats
14459,cats
14460,cats
14461,dogs
14462,cats
14463,dogs
14464,cats
14465,dogs
14466,cats
14467,cats
14468,cats
14469,dogs
14470,cats
14471,cats
14472,cats
14473,dogs
14474,dogs
14475,cats
14476,cats
14477,dogs
14478,dogs
14479,dogs
14480,dogs
14481,cats
14482,cats
14483,dogs
14484,cats
14485,dogs
14486,dogs
14487,dogs
14488,fish aquatic pets
14489,dogs
14490,dogs
14491,dogs
14492,cats
14493,dogs
14494,dogs
14495,dogs
14496,birds
14497,cats
14498,dogs
14499,dogs
14500,cats
14501,dogs
14502,dogs
14503,dogs
14504,cats
14505,dogs
14506,dogs
14507,dogs
14508,cats
14509,dogs
14510,dogs
14511,dogs
14512,dogs
14513,cats
14514,dogs
14515,fish aquatic pets
14516,cats
14517,dogs
14518,cats
14519,dogs
14520,cats
14521,dogs
14522,cats
14523,dogs
14524,cats
14525,cats
14526,cats
14527,cats
14528,dogs
14529,cats
14530,dogs
14531,cats
14532,dogs
14533,dogs
14534,dogs
14535,cats
14536,dogs
14537,bunny rabbit central
14538,dogs
14539,dogs
14540,cats
14541,dogs
14542,cats
14543,cats
14544,dogs
14545,dogs
14546,cats
14547,dogs
14548,cats
14549,dogs
14550,cats
14551,dogs
14552,dogs
14553,dogs
14554,dogs
14555,cats
14556,birds
14557,dogs
14558,cats
14559,cats
14560,dogs
14561,dogs
14562,dogs
14563,cats
14564,dogs
14565,cats
14566,cats
14567,dogs
14568,cats
14569,cats
14570,cats
14571,cats
14572,dogs
14573,birds
14574,cats
14575,dogs
14576,cats
14577,dogs
14578,dogs
14579,cats
14580,dogs
14581,cats
14582,cats
14583,cats
14584,cats
14585,dogs
14586,cats
14587,dogs
14588,dogs
14589,cats
14590,cats
14591,cats
14592,fish aquatic pets
14593,cats
14594,cats
14595,dogs
14596,dogs
14597,dogs
14598,dogs
14599,dogs
14600,dogs
14601,dogs
14602,dogs
14603,cats
14604,cats
14605,cats
14606,dogs
14607,cats
14608,dogs
14609,cats
14610,cats
14611,dogs
14612,cats
14613,cats
14614,fish aquatic pets
14615,cats
14616,dogs
14617,dogs
14618,cats
14619,dogs
14620,cats
14621,dogs
14622,dogs
14623,dogs
14624,dogs
14625,dogs
14626,dogs
14627,cats
14628,cats
14629,dogs
14630,cats
14631,dogs
14632,cats
14633,cats
14634,cats
14635,dogs
14636,dogs
14637,dogs
14638,dogs
14639,dogs
14640,dogs
14641,cats
14642,cats
14643,fish aquatic pets
14644,cats
14645,dogs
14646,cats
14647,dogs
14648,dogs
14649,dogs
14650,cats
14651,cats
14652,dogs
14653,cats
14654,dogs
14655,cats
14656,dogs
14657,dogs
14658,fish aquatic pets
14659,cats
14660,cats
14661,dogs
14662,dogs
14663,dogs
14664,cats
14665,cats
14666,dogs
14667,cats
14668,cats
14669,cats
14670,dogs
14671,dogs
14672,cats
14673,cats
14674,cats
14675,dogs
14676,cats
14677,cats
14678,cats
14679,cats
14680,dogs
14681,cats
14682,dogs
14683,dogs
14684,dogs
14685,fish aquatic pets
14686,cats
14687,fish aquatic pets
14688,cats
14689,dogs
14690,cats
14691,cats
14692,cats
14693,cats
14694,cats
14695,dogs
14696,dogs
14697,cats
14698,dogs
14699,cats
14700,cats
14701,cats
14702,dogs
14703,dogs
14704,cats
14705,dogs
14706,dogs
14707,dogs
14708,cats
14709,cats
14710,dogs
14711,cats
14712,dogs
14713,cats
14714,cats
14715,cats
14716,cats
14717,dogs
14718,cats
14719,dogs
14720,dogs
14721,cats
14722,dogs
14723,dogs
14724,cats
14725,cats
14726,dogs
14727,dogs
14728,dogs
14729,dogs
14730,cats
14731,dogs
14732,dogs
14733,dogs
14734,dogs
14735,cats
14736,cats
14737,dogs
14738,cats
14739,bunny rabbit central
14740,cats
14741,fish aquatic pets
14742,cats
14743,dogs
14744,dogs
14745,dogs
14746,dogs
14747,cats
14748,dogs
14749,dogs
14750,cats
14751,cats
14752,cats
14753,dogs
14754,cats
14755,dogs
14756,cats
14757,cats
14758,dogs
14759,cats
14760,dogs
14761,dogs
14762,dogs
14763,cats
14764,dogs
14765,dogs
14766,dogs
14767,cats
14768,cats
14769,dogs
14770,cats
14771,dogs
14772,dogs
14773,dogs
14774,dogs
14775,dogs
14776,dogs
14777,dogs
14778,dogs
14779,cats
14780,cats
14781,dogs
14782,cats
14783,dogs
14784,dogs
14785,cats
14786,dogs
14787,dogs
14788,dogs
14789,dogs
14790,cats
14791,cats
14792,cats
14793,cats
14794,dogs
14795,cats
14796,dogs
14797,cats
14798,dogs
14799,cats
14800,cats
14801,cats
14802,dogs
14803,dogs
14804,dogs
14805,cats
14806,cats
14807,cats
14808,dogs
14809,cats
14810,fish aquatic pets
14811,dogs
14812,cats
14813,dogs
14814,dogs
14815,dogs
14816,fish aquatic pets
14817,cats
14818,cats
14819,cats
14820,dogs
14821,dogs
14822,dogs
14823,cats
14824,dogs
14825,dogs
14826,dogs
14827,dogs
14828,cats
14829,dogs
14830,dogs
14831,dogs
14832,cats
14833,cats
14834,cats
14835,dogs
14836,dogs
14837,cats
14838,dogs
14839,dogs
14840,cats
14841,dogs
14842,cats
14843,cats
14844,cats
14845,cats
14846,cats
14847,dogs
14848,dogs
14849,cats
14850,dogs
14851,cats
14852,cats
14853,cats
14854,cats
14855,cats
14856,dogs
14857,dogs
14858,dogs
14859,cats
14860,fish aquatic pets
14861,cats
14862,cats
14863,cats
14864,dogs
14865,cats
14866,cats
14867,dogs
14868,dogs
14869,cats
14870,dogs
14871,dogs
14872,dogs
14873,dogs
14874,dogs
14875,cats
14876,cats
14877,dogs
14878,cats
14879,cats
14880,dogs
14881,birds
14882,dogs
14883,dogs
14884,cats
14885,cats
14886,dogs
14887,dogs
14888,cats
14889,cats
14890,cats
14891,dogs
14892,dogs
14893,dogs
14894,dogs
14895,dogs
14896,dogs
14897,dogs
14898,dogs
14899,cats
14900,dogs
14901,cats
14902,dogs
14903,bunny rabbit central
14904,dogs
14905,cats
14906,dogs
14907,dogs
14908,cats
14909,dogs
14910,cats
14911,dogs
14912,dogs
14913,dogs
14914,dogs
14915,dogs
14916,dogs
14917,cats
14918,cats
14919,cats
14920,dogs
14921,fish aquatic pets
14922,cats
14923,dogs
14924,dogs
14925,dogs
14926,cats
14927,dogs
14928,fish aquatic pets
14929,dogs
14930,dogs
14931,cats
14932,fish aquatic pets
14933,cats
14934,dogs
14935,dogs
14936,cats
14937,cats
14938,cats
14939,dogs
14940,cats
14941,dogs
14942,dogs
14943,dogs
14944,dogs
14945,dogs
14946,dogs
14947,dogs
14948,dogs
14949,cats
14950,dogs
14951,dogs
14952,cats
14953,cats
14954,dogs
14955,dogs
14956,cats
14957,dogs
14958,dogs
14959,dogs
14960,cats
14961,cats
14962,cats
14963,dogs
14964,dogs
14965,cats
14966,dogs
14967,cats
14968,cats
14969,cats
14970,dogs
14971,cats
14972,cats
14973,dogs
14974,cats
14975,dogs
14976,cats
14977,dogs
14978,dogs
14979,cats
14980,cats
14981,dogs
14982,dogs
14983,dogs
14984,cats
14985,dogs
14986,fish aquatic pets
14987,cats
14988,dogs
14989,cats
14990,dogs
14991,cats
14992,cats
14993,cats
14994,dogs
14995,cats
14996,fish aquatic pets
14997,cats
14998,dogs
14999,cats
15000,cats
15001,cats
15002,dogs
15003,cats
15004,dogs
15005,cats
15006,fish aquatic pets
15007,cats
15008,dogs
15009,dogs
15010,cats
15011,cats
15012,cats
15013,dogs
15014,small animals
15015,dogs
15016,dogs
15017,dogs
15018,cats
15019,dogs
15020,dogs
15021,dogs
15022,dogs
15023,cats
15024,dogs
15025,cats
15026,dogs
15027,dogs
15028,dogs
15029,dogs
15030,cats
15031,dogs
15032,dogs
15033,dogs
15034,dogs
15035,dogs
15036,dogs
15037,dogs
15038,dogs
15039,dogs
15040,dogs
15041,dogs
15042,cats
15043,cats
15044,cats
15045,dogs
15046,cats
15047,fish aquatic pets
15048,dogs
15049,cats
15050,cats
15051,dogs
15052,dogs
15053,dogs
15054,cats
15055,dogs
15056,dogs
15057,dogs
15058,cats
15059,dogs
15060,dogs
15061,dogs
15062,cats
15063,dogs
15064,dogs
15065,cats
15066,cats
15067,dogs
15068,dogs
15069,dogs
15070,dogs
15071,cats
15072,dogs
15073,dogs
15074,dogs
15075,dogs
15076,cats
15077,cats
15078,dogs
15079,birds
15080,cats
15081,dogs
15082,dogs
15083,dogs
15084,dogs
15085,dogs
15086,dogs
15087,cats
15088,cats
15089,cats
15090,cats
15091,dogs
15092,cats
15093,dogs
15094,dogs
15095,cats
15096,cats
15097,dogs
15098,cats
15099,dogs
15100,dogs
15101,fish aquatic pets
15102,dogs
15103,cats
15104,dogs
15105,bunny rabbit central
15106,cats
15107,cats
15108,fish aquatic pets
15109,cats
15110,dogs
15111,cats
15112,dogs
15113,cats
15114,fish aquatic pets
15115,dogs
15116,cats
15117,cats
15118,cats
15119,dogs
15120,dogs
15121,cats
15122,cats
15123,cats
15124,dogs
15125,cats
15126,cats
15127,dogs
15128,dogs
15129,dogs
15130,dogs
15131,cats
15132,dogs
15133,cats
15134,dogs
15135,dogs
15136,dogs
15137,dogs
15138,cats
15139,dogs
15140,dogs
15141,cats
15142,cats
15143,cats
15144,dogs
15145,dogs
15146,dogs
15147,cats
15148,dogs
15149,dogs
15150,dogs
15151,cats
15152,cats
15153,cats
15154,cats
15155,cats
15156,dogs
15157,cats
15158,dogs
15159,dogs
15160,dogs
15161,cats
15162,dogs
15163,dogs
15164,cats
15165,dogs
15166,cats
15167,dogs
15168,dogs
15169,cats
15170,cats
15171,cats
15172,dogs
15173,dogs
15174,dogs
15175,cats
15176,dogs
15177,cats
15178,cats
15179,cats
15180,cats
15181,cats
15182,dogs
15183,bunny rabbit central
15184,cats
15185,cats
15186,fish aquatic pets
15187,cats
15188,cats
15189,dogs
15190,cats
15191,dogs
15192,cats
15193,dogs
15194,birds
15195,dogs
15196,dogs
15197,cats
15198,dogs
15199,dogs
15200,dogs
15201,cats
15202,fish aquatic pets
15203,dogs
15204,dogs
15205,cats
15206,dogs
15207,dogs
15208,dogs
15209,dogs
15210,cats
15211,dogs
15212,fish aquatic pets
15213,dogs
15214,dogs
15215,cats
15216,cats
15217,bunny rabbit central
15218,cats
15219,dogs
15220,cats
15221,dogs
15222,dogs
15223,dogs
15224,dogs
15225,cats
15226,cats
15227,cats
15228,dogs
15229,dogs
15230,dogs
15231,cats
15232,cats
15233,cats
15234,dogs
15235,dogs
15236,dogs
15237,dogs
15238,cats
15239,dogs
15240,dogs
15241,dogs
15242,cats
15243,cats
15244,cats
15245,dogs
15246,birds
15247,dogs
15248,dogs
15249,dogs
15250,dogs
15251,dogs
15252,cats
15253,cats
15254,cats
15255,cats
15256,dogs
15257,cats
15258,cats
15259,dogs
15260,cats
15261,dogs
15262,dogs
15263,dogs
15264,cats
15265,dogs
15266,cats
15267,dogs
15268,dogs
15269,cats
15270,dogs
15271,dogs
15272,dogs
15273,dogs
15274,cats
15275,cats
15276,dogs
15277,cats
15278,cats
15279,dogs
15280,dogs
15281,dogs
15282,cats
15283,cats
15284,dogs
15285,cats
15286,dogs
15287,dogs
15288,cats
15289,birds
15290,cats
15291,cats
15292,dogs
15293,dogs
15294,cats
15295,dogs
15296,cats
15297,dogs
15298,dogs
15299,cats
15300,dogs
15301,cats
15302,cats
15303,cats
15304,dogs
15305,dogs
15306,dogs
15307,cats
15308,dogs
15309,cats
15310,dogs
15311,dogs
15312,dogs
15313,dogs
15314,dogs
15315,dogs
15316,fish aquatic pets
15317,dogs
15318,cats
15319,cats
15320,cats
15321,cats
15322,cats
15323,cats
15324,cats
15325,dogs
15326,dogs
15327,cats
15328,dogs
15329,dogs
15330,dogs
15331,cats
15332,dogs
15333,dogs
15334,fish aquatic pets
15335,cats
15336,cats
15337,dogs
15338,dogs
15339,dogs
15340,dogs
15341,cats
15342,cats
15343,cats
15344,dogs
15345,cats
15346,dogs
15347,dogs
15348,dogs
15349,cats
15350,cats
15351,dogs
15352,cats
15353,dogs
15354,dogs
15355,cats
15356,cats
15357,dogs
15358,dogs
15359,dogs
15360,cats
15361,dogs
15362,cats
15363,cats
15364,dogs
15365,cats
15366,cats
15367,cats
15368,dogs
15369,dogs
15370,cats
15371,dogs
15372,cats
15373,cats
15374,dogs
15375,cats
15376,dogs
15377,dogs
15378,dogs
15379,cats
15380,dogs
15381,dogs
15382,dogs
15383,cats
15384,dogs
15385,dogs
15386,fish aquatic pets
15387,dogs
15388,cats
15389,dogs
15390,dogs
15391,dogs
15392,cats
15393,dogs
15394,cats
15395,dogs
15396,cats
15397,dogs
15398,cats
15399,dogs
15400,dogs
15401,dogs
15402,cats
15403,cats
15404,dogs
15405,cats
15406,cats
15407,dogs
15408,cats
15409,cats
15410,dogs
15411,dogs
15412,dogs
15413,fish aquatic pets
15414,cats
15415,cats
15416,cats
15417,cats
15418,cats
15419,dogs
15420,dogs
15421,cats
15422,dogs
15423,dogs
15424,cats
15425,cats
15426,cats
15427,dogs
15428,cats
15429,dogs
15430,dogs
15431,dogs
15432,dogs
15433,dogs
15434,cats
15435,dogs
15436,cats
15437,cats
15438,dogs
15439,cats
15440,cats
15441,dogs
15442,dogs
15443,dogs
15444,cats
15445,dogs
15446,cats
15447,cats
15448,dogs
15449,cats
15450,cats
15451,dogs
15452,cats
15453,dogs
15454,fish aquatic pets
15455,dogs
15456,dogs
15457,cats
15458,cats
15459,dogs
15460,fish aquatic pets
15461,dogs
15462,cats
15463,dogs
15464,dogs
15465,dogs
15466,dogs
15467,dogs
15468,cats
15469,dogs
15470,cats
15471,dogs
15472,dogs
15473,dogs
15474,cats
15475,dogs
15476,dogs
15477,cats
15478,cats
15479,dogs
15480,dogs
15481,dogs
15482,dogs
15483,dogs
15484,dogs
15485,cats
15486,dogs
15487,dogs
15488,dogs
15489,dogs
15490,cats
15491,dogs
15492,cats
15493,dogs
15494,cats
15495,dogs
15496,dogs
15497,cats
15498,dogs
15499,dogs
15500,dogs
15501,dogs
15502,dogs
15503,cats
15504,birds
15505,cats
15506,dogs
15507,dogs
15508,dogs
15509,dogs
15510,fish aquatic pets
15511,dogs
15512,dogs
15513,dogs
15514,fish aquatic pets
15515,fish aquatic pets
15516,dogs
15517,fish aquatic pets
15518,dogs
15519,dogs
15520,dogs
15521,dogs
15522,dogs
15523,cats
15524,cats
15525,dogs
15526,dogs
15527,cats
15528,cats
15529,cats
15530,cats
15531,cats
15532,dogs
15533,dogs
15534,cats
15535,dogs
15536,dogs
15537,cats
15538,dogs
15539,dogs
15540,cats
15541,cats
15542,cats
15543,cats
15544,dogs
15545,cats
15546,cats
15547,dogs
15548,cats
15549,cats
15550,dogs
15551,cats
15552,dogs
15553,dogs
15554,cats
15555,cats
15556,cats
15557,dogs
15558,dogs
15559,cats
15560,dogs
15561,cats
15562,cats
15563,cats
15564,cats
15565,cats
15566,dogs
15567,cats
15568,dogs
15569,dogs
15570,dogs
15571,fish aquatic pets
15572,dogs
15573,fish aquatic pets
15574,fish aquatic pets
15575,cats
15576,dogs
15577,cats
15578,cats
15579,dogs
15580,cats
15581,cats
15582,cats
15583,dogs
15584,dogs
15585,cats
15586,dogs
15587,dogs
15588,dogs
15589,cats
15590,dogs
15591,dogs
15592,cats
15593,dogs
15594,dogs
15595,cats
15596,cats
15597,cats
15598,cats
15599,cats
15600,cats
15601,dogs
15602,cats
15603,cats
15604,cats
15605,cats
15606,cats
15607,dogs
15608,cats
15609,cats
15610,cats
15611,dogs
15612,cats
15613,cats
15614,dogs
15615,dogs
15616,dogs
15617,cats
15618,cats
15619,dogs
15620,dogs
15621,cats
15622,dogs
15623,cats
15624,cats
15625,dogs
15626,dogs
15627,cats
15628,cats
15629,dogs
15630,dogs
15631,cats
15632,cats
15633,dogs
15634,dogs
15635,dogs
15636,dogs
15637,dogs
15638,dogs
15639,cats
15640,dogs
15641,dogs
15642,cats
15643,dogs
15644,cats
15645,dogs
15646,dogs
15647,cats
15648,cats
15649,cats
15650,dogs
15651,fish aquatic pets
15652,dogs
15653,dogs
15654,dogs
15655,cats
15656,cats
15657,dogs
15658,dogs
15659,cats
15660,dogs
15661,cats
15662,dogs
15663,dogs
15664,cats
15665,dogs
15666,dogs
15667,dogs
15668,cats
15669,dogs
15670,cats
15671,dogs
15672,dogs
15673,dogs
15674,dogs
15675,dogs
15676,cats
15677,dogs
15678,dogs
15679,cats
15680,dogs
15681,cats
15682,dogs
15683,dogs
15684,cats
15685,cats
15686,cats
15687,dogs
15688,dogs
15689,cats
15690,cats
15691,cats
15692,cats
15693,cats
15694,dogs
15695,cats
15696,dogs
15697,birds
15698,cats
15699,cats
15700,dogs
15701,dogs
15702,dogs
15703,cats
15704,dogs
15705,dogs
15706,dogs
15707,dogs
15708,cats
15709,cats
15710,cats
15711,cats
15712,cats
15713,dogs
15714,dogs
15715,dogs
15716,cats
15717,dogs
15718,dogs
15719,dogs
15720,cats
15721,cats
15722,cats
15723,cats
15724,dogs
15725,cats
15726,cats
15727,dogs
15728,dogs
15729,cats
15730,fish aquatic pets
15731,dogs
15732,dogs
15733,cats
15734,cats
15735,cats
15736,cats
15737,cats
15738,fish aquatic pets
15739,dogs
15740,dogs
15741,dogs
15742,fish aquatic pets
15743,dogs
15744,cats
15745,cats
15746,dogs
15747,cats
15748,dogs
15749,dogs
15750,dogs
15751,dogs
15752,dogs
15753,cats
15754,dogs
15755,dogs
15756,cats
15757,dogs
15758,cats
15759,dogs
15760,cats
15761,dogs
15762,cats
15763,cats
15764,cats
15765,cats
15766,cats
15767,dogs
15768,dogs
15769,cats
15770,dogs
15771,dogs
15772,dogs
15773,dogs
15774,cats
15775,cats
15776,cats
15777,cats
15778,cats
15779,cats
15780,dogs
15781,cats
15782,dogs
15783,dogs
15784,dogs
15785,dogs
15786,cats
15787,dogs
15788,dogs
15789,dogs
15790,dogs
15791,dogs
15792,cats
15793,dogs
15794,dogs
15795,cats
15796,dogs
15797,cats
15798,cats
15799,cats
15800,dogs
15801,cats
15802,cats
15803,dogs
15804,dogs
15805,cats
15806,dogs
15807,dogs
15808,cats
15809,cats
15810,cats
15811,dogs
15812,cats
15813,dogs
15814,cats
15815,dogs
15816,dogs
15817,dogs
15818,dogs
15819,dogs
15820,cats
15821,cats
15822,dogs
15823,dogs
15824,cats
15825,cats
15826,cats
15827,cats
15828,cats
15829,cats
15830,cats
15831,dogs
15832,dogs
15833,dogs
15834,dogs
15835,dogs
15836,dogs
15837,fish aquatic pets
15838,fish aquatic pets
15839,dogs
15840,cats
15841,cats
15842,cats
15843,dogs
15844,fish aquatic pets
15845,dogs
15846,cats
15847,cats
15848,dogs
15849,cats
15850,cats
15851,dogs
15852,dogs
15853,dogs
15854,dogs
15855,cats
15856,cats
15857,cats
15858,cats
15859,cats
15860,fish aquatic pets
15861,dogs
15862,dogs
15863,dogs
15864,cats
15865,dogs
15866,dogs
15867,dogs
15868,cats
15869,cats
15870,dogs
15871,cats
15872,cats
15873,fish aquatic pets
15874,cats
15875,dogs
15876,cats
15877,cats
15878,dogs
15879,cats
15880,dogs
15881,dogs
15882,dogs
15883,dogs
15884,cats
15885,cats
15886,dogs
15887,dogs
15888,dogs
15889,cats
15890,cats
15891,cats
15892,cats
15893,cats
15894,dogs
15895,cats
15896,cats
15897,cats
15898,dogs
15899,dogs
15900,dogs
15901,dogs
15902,dogs
15903,dogs
15904,dogs
15905,dogs
15906,fish aquatic pets
15907,dogs
15908,dogs
15909,dogs
15910,dogs
15911,cats
15912,dogs
15913,cats
15914,dogs
15915,dogs
15916,dogs
15917,dogs
15918,cats
15919,cats
15920,cats
15921,cats
15922,dogs
15923,dogs
15924,cats
15925,fish aquatic pets
15926,cats
15927,dogs
15928,dogs
15929,cats
15930,dogs
15931,dogs
15932,cats
15933,dogs
15934,cats
15935,dogs
15936,cats
15937,cats
15938,dogs
15939,cats
15940,cats
15941,dogs
15942,cats
15943,cats
15944,dogs
15945,dogs
15946,cats
15947,cats
15948,cats
15949,dogs
15950,cats
15951,cats
15952,dogs
15953,cats
15954,dogs
15955,cats
15956,cats
15957,cats
15958,dogs
15959,dogs
15960,dogs
15961,cats
15962,cats
15963,cats
15964,cats
15965,birds
15966,dogs
15967,dogs
15968,dogs
15969,dogs
15970,cats
15971,dogs
15972,dogs
15973,cats
15974,cats
15975,fish aquatic pets
15976,cats
15977,dogs
15978,cats
15979,dogs
15980,cats
15981,dogs
15982,cats
15983,dogs
15984,cats
15985,cats
15986,dogs
15987,cats
15988,dogs
15989,dogs
15990,dogs
15991,dogs
15992,dogs
15993,cats
15994,dogs
15995,cats
15996,dogs
15997,dogs
15998,cats
15999,dogs
16000,cats
16001,cats
16002,cats
16003,dogs
16004,dogs
16005,dogs
16006,cats
16007,dogs
16008,dogs
16009,dogs
16010,cats
16011,cats
16012,cats
16013,dogs
16014,cats
16015,dogs
16016,cats
16017,cats
16018,cats
16019,dogs
16020,dogs
16021,cats
16022,dogs
16023,cats
16024,dogs
16025,dogs
16026,dogs
16027,dogs
16028,cats
16029,cats
16030,dogs
16031,dogs
16032,dogs
16033,cats
16034,dogs
16035,cats
16036,dogs
16037,dogs
16038,dogs
16039,dogs
16040,dogs
16041,cats
16042,cats
16043,dogs
16044,dogs
16045,dogs
16046,dogs
16047,cats
16048,dogs
16049,dogs
16050,dogs
16051,dogs
16052,cats
16053,cats
16054,cats
16055,cats
16056,dogs
16057,dogs
16058,dogs
16059,dogs
16060,birds
16061,dogs
16062,cats
16063,cats
16064,dogs
16065,cats
16066,cats
16067,dogs
16068,cats
16069,dogs
16070,dogs
16071,dogs
16072,dogs
16073,dogs
16074,cats
16075,dogs
16076,dogs
16077,cats
16078,dogs
16079,dogs
16080,dogs
16081,dogs
16082,cats
16083,dogs
16084,dogs
16085,dogs
16086,dogs
16087,cats
16088,cats
16089,dogs
16090,dogs
16091,cats
16092,dogs
16093,cats
16094,dogs
16095,dogs
16096,cats
16097,dogs
16098,dogs
16099,dogs
16100,dogs
16101,dogs
16102,dogs
16103,cats
16104,cats
16105,cats
16106,cats
16107,cats
16108,cats
16109,cats
16110,dogs
16111,cats
16112,dogs
16113,cats
16114,cats
16115,dogs
16116,cats
16117,cats
16118,dogs
16119,cats
16120,dogs
16121,cats
16122,dogs
16123,cats
16124,cats
16125,dogs
16126,cats
16127,cats
16128,cats
16129,dogs
16130,cats
16131,cats
16132,dogs
16133,cats
16134,dogs
16135,cats
16136,cats
16137,cats
16138,cats
16139,dogs
16140,cats
16141,dogs
16142,dogs
16143,cats
16144,cats
16145,dogs
16146,cats
16147,dogs
16148,cats
16149,fish aquatic pets
16150,cats
16151,dogs
16152,cats
16153,dogs
16154,cats
16155,cats
16156,dogs
16157,cats
16158,dogs
16159,cats
16160,dogs
16161,cats
16162,dogs
16163,dogs
16164,cats
16165,cats
16166,dogs
16167,dogs
16168,dogs
16169,dogs
16170,cats
16171,cats
16172,dogs
16173,cats
16174,cats
16175,dogs
16176,dogs
16177,cats
16178,dogs
16179,dogs
16180,cats
16181,cats
16182,dogs
16183,cats
16184,dogs
16185,cats
16186,dogs
16187,dogs
16188,dogs
16189,dogs
16190,dogs
16191,dogs
16192,dogs
16193,fish aquatic pets
16194,cats
16195,dogs
16196,dogs
16197,fish aquatic pets
16198,cats
16199,dogs
16200,dogs
16201,dogs
16202,cats
16203,cats
16204,dogs
16205,cats
16206,cats
16207,dogs
16208,dogs
16209,cats
16210,dogs
16211,dogs
16212,dogs
16213,dogs
16214,dogs
16215,cats
16216,fish aquatic pets
16217,dogs
16218,cats
16219,cats
16220,dogs
16221,dogs
16222,dogs
16223,cats
16224,dogs
16225,dogs
16226,cats
16227,cats
16228,cats
16229,dogs
16230,dogs
16231,cats
16232,dogs
16233,cats
16234,cats
16235,dogs
16236,dogs
16237,dogs
16238,dogs
16239,dogs
16240,dogs
16241,dogs
16242,cats
16243,dogs
16244,dogs
16245,dogs
16246,dogs
16247,cats
16248,dogs
16249,dogs
16250,dogs
16251,dogs
16252,dogs
16253,small animals
16254,dogs
16255,cats
16256,dogs
16257,dogs
16258,dogs
16259,cats
16260,cats
16261,dogs
16262,cats
16263,dogs
16264,cats
16265,cats
16266,cats
16267,cats
16268,dogs
16269,dogs
16270,fish aquatic pets
16271,fish aquatic pets
16272,dogs
16273,dogs
16274,dogs
16275,dogs
16276,cats
16277,dogs
16278,cats
16279,dogs
16280,cats
16281,birds
16282,cats
16283,dogs
16284,fish aquatic pets
16285,cats
16286,dogs
16287,dogs
16288,cats
16289,dogs
16290,cats
16291,cats
16292,cats
16293,dogs
16294,cats
16295,dogs
16296,cats
16297,cats
16298,cats
16299,dogs
16300,dogs
16301,cats
16302,cats
16303,dogs
16304,dogs
16305,cats
16306,cats
16307,cats
16308,dogs
16309,cats
16310,cats
16311,cats
16312,cats
16313,dogs
16314,dogs
16315,dogs
16316,dogs
16317,dogs
16318,cats
16319,dogs
16320,dogs
16321,cats
16322,dogs
16323,cats
16324,cats
16325,cats
16326,cats
16327,dogs
16328,cats
16329,cats
16330,cats
16331,dogs
16332,dogs
16333,dogs
16334,dogs
16335,cats
16336,cats
16337,cats
16338,dogs
16339,dogs
16340,cats
16341,dogs
16342,dogs
16343,dogs
16344,dogs
16345,cats
16346,dogs
16347,dogs
16348,cats
16349,dogs
16350,dogs
16351,cats
16352,fish aquatic pets
16353,cats
16354,cats
16355,dogs
16356,dogs
16357,dogs
16358,dogs
16359,dogs
16360,cats
16361,dogs
16362,dogs
16363,cats
16364,cats
16365,cats
16366,dogs
16367,cats
16368,dogs
16369,dogs
16370,dogs
16371,cats
16372,dogs
16373,cats
16374,dogs
16375,dogs
16376,cats
16377,dogs
16378,cats
16379,cats
16380,dogs
16381,cats
16382,dogs
16383,fish aquatic pets
16384,dogs
16385,cats
16386,dogs
16387,dogs
16388,dogs
16389,dogs
16390,cats
16391,dogs
16392,dogs
16393,cats
16394,dogs
16395,dogs
16396,dogs
16397,cats
16398,dogs
16399,cats
16400,dogs
16401,cats
16402,cats
16403,dogs
16404,dogs
16405,cats
16406,cats
16407,dogs
16408,dogs
16409,cats
16410,dogs
16411,dogs
16412,cats
16413,dogs
16414,dogs
16415,cats
16416,cats
16417,cats
16418,dogs
16419,dogs
16420,cats
16421,cats
16422,cats
16423,dogs
16424,cats
16425,cats
16426,cats
16427,dogs
16428,dogs
16429,dogs
16430,dogs
16431,dogs
16432,cats
16433,dogs
16434,dogs
16435,cats
16436,dogs
16437,cats
16438,dogs
16439,dogs
16440,cats
16441,cats
16442,dogs
16443,cats
16444,dogs
16445,dogs
16446,fish aquatic pets
16447,dogs
16448,dogs
16449,dogs
16450,cats
16451,cats
16452,fish aquatic pets
16453,dogs
16454,dogs
16455,dogs
16456,cats
16457,cats
16458,cats
16459,dogs
16460,dogs
16461,dogs
16462,dogs
16463,cats
16464,cats
16465,cats
16466,dogs
16467,cats
16468,dogs
16469,dogs
16470,cats
16471,dogs
16472,cats
16473,dogs
16474,dogs
16475,dogs
16476,cats
16477,cats
16478,dogs
16479,cats
16480,cats
16481,dogs
16482,dogs
16483,dogs
16484,dogs
16485,dogs
16486,dogs
16487,cats
16488,cats
16489,dogs
16490,dogs
16491,dogs
16492,dogs
16493,cats
16494,cats
16495,dogs
16496,cats
16497,dogs
16498,cats
16499,dogs
16500,dogs
16501,cats
16502,dogs
16503,cats
16504,dogs
16505,dogs
16506,dogs
16507,dogs
16508,cats
16509,dogs
16510,dogs
16511,dogs
16512,dogs
16513,dogs
16514,cats
16515,cats
16516,dogs
16517,dogs
16518,cats
16519,dogs
16520,cats
16521,dogs
16522,cats
16523,dogs
16524,dogs
16525,cats
16526,cats
16527,dogs
16528,dogs
16529,dogs
16530,fish aquatic pets
16531,cats
16532,dogs
16533,cats
16534,cats
16535,cats
16536,cats
16537,cats
16538,dogs
16539,cats
16540,dogs
16541,cats
16542,cats
16543,dogs
16544,dogs
16545,cats
16546,dogs
16547,dogs
16548,dogs
16549,dogs
16550,cats
16551,dogs
16552,dogs
16553,cats
16554,dogs
16555,dogs
16556,cats
16557,dogs
16558,dogs
16559,dogs
16560,dogs
16561,cats
16562,dogs
16563,cats
16564,cats
16565,dogs
16566,dogs
16567,cats
16568,cats
16569,cats
16570,dogs
16571,dogs
16572,dogs
16573,cats
16574,dogs
16575,dogs
16576,dogs
16577,dogs
16578,cats
16579,dogs
16580,dogs
16581,dogs
16582,cats
16583,dogs
16584,dogs
16585,birds
16586,dogs
16587,cats
16588,cats
16589,cats
16590,dogs
16591,cats
16592,cats
16593,dogs
16594,dogs
16595,dogs
16596,dogs
16597,dogs
16598,cats
16599,cats
16600,dogs
16601,cats
16602,dogs
16603,dogs
16604,cats
16605,cats
16606,dogs
16607,dogs
16608,dogs
16609,cats
16610,dogs
16611,cats
16612,cats
16613,dogs
16614,cats
16615,dogs
16616,cats
16617,dogs
16618,dogs
16619,fish aquatic pets
16620,dogs
16621,cats
16622,dogs
16623,dogs
16624,dogs
16625,cats
16626,cats
16627,cats
16628,cats
16629,fish aquatic pets
16630,cats
16631,cats
16632,cats
16633,cats
16634,cats
16635,dogs
16636,dogs
16637,cats
16638,dogs
16639,cats
16640,dogs
16641,dogs
16642,cats
16643,dogs
16644,cats
16645,dogs
16646,dogs
16647,cats
16648,cats
16649,cats
16650,cats
16651,cats
16652,dogs
16653,dogs
16654,cats
16655,dogs
16656,dogs
16657,cats
16658,cats
16659,dogs
16660,cats
16661,cats
16662,cats
16663,cats
16664,dogs
16665,dogs
16666,dogs
16667,fish aquatic pets
16668,dogs
16669,dogs
16670,cats
16671,cats
16672,dogs
16673,dogs
16674,cats
16675,dogs
16676,cats
16677,dogs
16678,dogs
16679,dogs
16680,dogs
16681,fish aquatic pets
16682,dogs
16683,cats
16684,dogs
16685,dogs
16686,cats
16687,cats
16688,dogs
16689,dogs
16690,cats
16691,dogs
16692,dogs
16693,dogs
16694,cats
16695,cats
16696,cats
16697,dogs
16698,dogs
16699,dogs
16700,dogs
16701,cats
16702,dogs
16703,dogs
16704,dogs
16705,dogs
16706,cats
16707,cats
16708,cats
16709,cats
16710,dogs
16711,dogs
16712,dogs
16713,dogs
16714,cats
16715,cats
16716,cats
16717,cats
16718,dogs
16719,cats
16720,cats
16721,dogs
16722,dogs
16723,dogs
16724,dogs
16725,cats
16726,cats
16727,birds
16728,dogs
16729,dogs
16730,cats
16731,dogs
16732,cats
16733,dogs
16734,cats
16735,dogs
16736,dogs
16737,dogs
16738,dogs
16739,dogs
16740,cats
16741,cats
16742,dogs
16743,dogs
16744,dogs
16745,cats
16746,fish aquatic pets
16747,dogs
16748,dogs
16749,dogs
16750,dogs
16751,cats
16752,dogs
16753,dogs
16754,dogs
16755,cats
16756,dogs
16757,cats
16758,cats
16759,cats
16760,cats
16761,cats
16762,dogs
16763,dogs
16764,cats
16765,cats
16766,dogs
16767,dogs
16768,cats
16769,dogs
16770,cats
16771,cats
16772,dogs
16773,cats
16774,birds
16775,dogs
16776,cats
16777,dogs
16778,cats
16779,cats
16780,dogs
16781,dogs
16782,dogs
16783,cats
16784,cats
16785,cats
16786,cats
16787,dogs
16788,cats
16789,cats
16790,cats
16791,cats
16792,cats
16793,cats
16794,dogs
16795,cats
16796,cats
16797,birds
16798,dogs
16799,fish aquatic pets
16800,dogs
16801,fish aquatic pets
16802,dogs
16803,dogs
16804,cats
16805,cats
16806,dogs
16807,cats
16808,dogs
16809,cats
16810,dogs
16811,dogs
16812,dogs
16813,dogs
16814,dogs
16815,cats
16816,dogs
16817,dogs
16818,dogs
16819,dogs
16820,cats
16821,dogs
16822,cats
16823,dogs
16824,dogs
16825,cats
16826,cats
16827,dogs
16828,dogs
16829,cats
16830,dogs
16831,dogs
16832,dogs
16833,dogs
16834,dogs
16835,dogs
16836,cats
16837,fish aquatic pets
16838,dogs
16839,cats
16840,dogs
16841,dogs
16842,cats
16843,cats
16844,cats
16845,cats
16846,dogs
16847,dogs
16848,cats
16849,dogs
16850,dogs
16851,dogs
16852,fish aquatic pets
16853,dogs
16854,cats
16855,cats
16856,cats
16857,dogs
16858,cats
16859,cats
16860,dogs
16861,cats
16862,dogs
16863,dogs
16864,dogs
16865,dogs
16866,cats
16867,dogs
16868,cats
16869,dogs
16870,cats
16871,cats
16872,cats
16873,dogs
16874,dogs
16875,dogs
16876,cats
16877,cats
16878,dogs
16879,cats
16880,dogs
16881,dogs
16882,dogs
16883,cats
16884,dogs
16885,dogs
16886,dogs
16887,cats
16888,cats
16889,cats
16890,dogs
16891,dogs
16892,dogs
16893,dogs
16894,cats
16895,dogs
16896,fish aquatic pets
16897,cats
16898,cats
16899,dogs
16900,cats
16901,dogs
16902,cats
16903,cats
16904,cats
16905,dogs
16906,cats
16907,dogs
16908,dogs
16909,cats
16910,cats
16911,cats
16912,dogs
16913,dogs
16914,cats
16915,cats
16916,cats
16917,cats
16918,dogs
16919,dogs
16920,cats
16921,cats
16922,dogs
16923,dogs
16924,cats
16925,dogs
16926,dogs
16927,cats
16928,cats
16929,cats
16930,dogs
16931,dogs
16932,cats
16933,cats
16934,cats
16935,dogs
16936,dogs
16937,cats
16938,cats
16939,cats
16940,cats
16941,dogs
16942,fish aquatic pets
16943,dogs
16944,cats
16945,dogs
16946,cats
16947,cats
16948,cats
16949,fish aquatic pets
16950,cats
16951,dogs
16952,cats
16953,dogs
16954,cats
16955,dogs
16956,cats
16957,cats
16958,dogs
16959,cats
16960,dogs
16961,dogs
16962,dogs
16963,cats
16964,dogs
16965,cats
16966,dogs
16967,dogs
16968,cats
16969,cats
16970,cats
16971,cats
16972,cats
16973,cats
16974,dogs
16975,cats
16976,cats
16977,dogs
16978,dogs
16979,cats
16980,cats
16981,cats
16982,dogs
16983,dogs
16984,cats
16985,cats
16986,dogs
16987,cats
16988,dogs
16989,cats
16990,cats
16991,cats
16992,dogs
16993,dogs
16994,dogs
16995,dogs
16996,dogs
16997,dogs
16998,dogs
16999,dogs
17000,cats
17001,cats
17002,cats
17003,dogs
17004,fish aquatic pets
17005,cats
17006,dogs
17007,cats
17008,fish aquatic pets
17009,cats
17010,cats
17011,cats
17012,cats
17013,dogs
17014,cats
17015,dogs
17016,cats
17017,fish aquatic pets
17018,cats
17019,dogs
17020,cats
17021,dogs
17022,dogs
17023,dogs
17024,dogs
17025,cats
17026,birds
17027,dogs
17028,dogs
17029,cats
17030,dogs
17031,dogs
17032,bunny rabbit central
17033,dogs
17034,dogs
17035,dogs
17036,dogs
17037,dogs
17038,cats
17039,dogs
17040,cats
17041,cats
17042,dogs
17043,cats
17044,dogs
17045,cats
17046,dogs
17047,dogs
17048,cats
17049,dogs
17050,cats
17051,dogs
17052,cats
17053,cats
17054,cats
17055,cats
17056,dogs
17057,dogs
17058,dogs
17059,dogs
17060,cats
17061,dogs
17062,dogs
17063,cats
17064,cats
17065,dogs
17066,dogs
17067,cats
17068,dogs
17069,cats
17070,dogs
17071,cats
17072,dogs
17073,dogs
17074,cats
17075,dogs
17076,dogs
17077,dogs
17078,dogs
17079,dogs
17080,dogs
17081,dogs
17082,dogs
17083,dogs
17084,dogs
17085,dogs
17086,dogs
17087,dogs
17088,dogs
17089,cats
17090,dogs
17091,cats
17092,cats
17093,dogs
17094,cats
17095,dogs
17096,fish aquatic pets
17097,cats
17098,dogs
17099,cats
17100,dogs
17101,dogs
17102,dogs
17103,dogs
17104,cats
17105,dogs
17106,dogs
17107,dogs
17108,dogs
17109,cats
17110,dogs
17111,dogs
17112,cats
17113,dogs
17114,dogs
17115,cats
17116,cats
17117,dogs
17118,dogs
17119,dogs
17120,dogs
17121,cats
17122,dogs
17123,dogs
17124,dogs
17125,fish aquatic pets
17126,cats
17127,dogs
17128,cats
17129,cats
17130,cats
17131,dogs
17132,cats
17133,cats
17134,cats
17135,dogs
17136,cats
17137,dogs
17138,cats
17139,dogs
17140,dogs
17141,cats
17142,dogs
17143,dogs
17144,cats
17145,cats
17146,dogs
17147,cats
17148,dogs
17149,cats
17150,dogs
17151,dogs
17152,cats
17153,cats
17154,cats
17155,dogs
17156,cats
17157,dogs
17158,dogs
17159,dogs
17160,cats
17161,dogs
17162,cats
17163,dogs
17164,cats
17165,cats
17166,dogs
17167,dogs
17168,cats
17169,cats
17170,dogs
17171,dogs
17172,dogs
17173,cats
17174,dogs
17175,cats
17176,dogs
17177,dogs
17178,cats
17179,dogs
17180,cats
17181,dogs
17182,dogs
17183,dogs
17184,cats
17185,cats
17186,dogs
17187,cats
17188,cats
17189,dogs
17190,birds
17191,cats
17192,cats
17193,dogs
17194,cats
17195,dogs
17196,dogs
17197,dogs
17198,cats
17199,cats
17200,dogs
17201,dogs
17202,cats
17203,dogs
17204,cats
17205,cats
17206,dogs
17207,dogs
17208,dogs
17209,dogs
17210,dogs
17211,cats
17212,dogs
17213,cats
17214,cats
17215,dogs
17216,dogs
17217,cats
17218,cats
17219,cats
17220,fish aquatic pets
17221,cats
17222,dogs
17223,cats
17224,cats
17225,cats
17226,dogs
17227,dogs
17228,dogs
17229,dogs
17230,dogs
17231,dogs
17232,cats
17233,dogs
17234,dogs
17235,dogs
17236,cats
17237,dogs
17238,dogs
17239,cats
17240,dogs
17241,cats
17242,cats
17243,dogs
17244,dogs
17245,dogs
17246,cats
17247,cats
17248,cats
17249,dogs
17250,cats
17251,cats
17252,dogs
17253,dogs
17254,dogs
17255,cats
17256,cats
17257,fish aquatic pets
17258,cats
17259,dogs
17260,dogs
17261,dogs
17262,cats
17263,cats
17264,dogs
17265,dogs
17266,cats
17267,dogs
17268,fish aquatic pets
17269,dogs
17270,dogs
17271,fish aquatic pets
17272,dogs
17273,cats
17274,dogs
17275,cats
17276,cats
17277,cats
17278,dogs
17279,dogs
17280,cats
17281,cats
17282,cats
17283,dogs
17284,dogs
17285,dogs
17286,cats
17287,dogs
17288,dogs
17289,cats
17290,cats
17291,dogs
17292,dogs
17293,cats
17294,dogs
17295,dogs
17296,cats
17297,dogs
17298,dogs
17299,cats
17300,dogs
17301,dogs
17302,cats
17303,dogs
17304,dogs
17305,fish aquatic pets
17306,cats
17307,dogs
17308,cats
17309,dogs
17310,dogs
17311,cats
17312,cats
17313,cats
17314,dogs
17315,dogs
17316,dogs
17317,cats
17318,dogs
17319,dogs
17320,dogs
17321,cats
17322,dogs
17323,cats
17324,dogs
17325,cats
17326,dogs
17327,cats
17328,cats
17329,dogs
17330,dogs
17331,cats
17332,dogs
17333,cats
17334,cats
17335,dogs
17336,dogs
17337,cats
17338,dogs
17339,cats
17340,dogs
17341,cats
17342,dogs
17343,cats
17344,dogs
17345,dogs
17346,dogs
17347,cats
17348,dogs
17349,cats
17350,dogs
17351,dogs
17352,dogs
